<?xml version='1.0' standalone='yes' ?>
<LVData xmlns="http://www.ni.com/LVData">
<Version>14.0.1</Version>
<Cluster>
<Name>header_text</Name>
<NumElts>5</NumElts>
<String>
<Name>parameters</Name>
<Val></Val>
</String>
<String>
<Name>comment</Name>
<Val>test</Val>
</String>
<Timestamp>
<Name>date</Name>
<Cluster>
<Name></Name>
<NumElts>4</NumElts>
<I32>
<Name></Name>
<Val>0</Val>
</I32>
<I32>
<Name></Name>
<Val>0</Val>
</I32>
<I32>
<Name></Name>
<Val>0</Val>
</I32>
<I32>
<Name></Name>
<Val>0</Val>
</I32>
</Cluster>
</Timestamp>
<Array>
<Name>variables</Name>
<Dimsize>3</Dimsize>
<Cluster>
<Name>parameter</Name>
<NumElts>5</NumElts>
<String>
<Name>name</Name>
<Val>motion_dev_pos</Val>
</String>
<String>
<Name>values</Name>
<Val>3.00000000E+1	3.05000000E+1	3.10000000E+1	3.15000000E+1	3.20000000E+1	3.25000000E+1	3.30000000E+1	3.35000000E+1	3.40000000E+1	3.45000000E+1	3.50000000E+1	3.55000000E+1	3.60000000E+1	3.65000000E+1	3.70000000E+1	3.75000000E+1	3.80000000E+1	3.85000000E+1	3.90000000E+1	3.95000000E+1	4.00000000E+1	4.05000000E+1	4.10000000E+1	4.15000000E+1	4.20000000E+1	4.25000000E+1	4.30000000E+1	4.35000000E+1	4.40000000E+1	4.45000000E+1	4.50000000E+1	4.55000000E+1	4.60000000E+1	4.65000000E+1	4.70000000E+1	4.75000000E+1	4.80000000E+1	4.85000000E+1	4.90000000E+1	4.95000000E+1	5.00000000E+1	5.05000000E+1	5.10000000E+1	5.15000000E+1	5.20000000E+1	5.25000000E+1	5.30000000E+1	5.35000000E+1	5.40000000E+1	5.45000000E+1	5.50000000E+1	5.55000000E+1	5.60000000E+1	5.65000000E+1	5.70000000E+1	5.75000000E+1	5.80000000E+1	5.85000000E+1	5.90000000E+1	5.95000000E+1	6.00000000E+1	6.05000000E+1	6.10000000E+1	6.15000000E+1	6.20000000E+1	6.25000000E+1	6.30000000E+1	6.35000000E+1	6.40000000E+1	6.45000000E+1	6.50000000E+1	6.55000000E+1	6.60000000E+1	6.65000000E+1	6.70000000E+1	6.75000000E+1	6.80000000E+1	6.85000000E+1	6.90000000E+1	6.95000000E+1	7.00000000E+1	7.05000000E+1	7.10000000E+1	7.15000000E+1	7.20000000E+1	7.25000000E+1	7.30000000E+1	7.35000000E+1	7.40000000E+1	7.45000000E+1	7.50000000E+1	7.55000000E+1	7.60000000E+1	7.65000000E+1	7.70000000E+1	7.75000000E+1	7.80000000E+1	7.85000000E+1	7.90000000E+1	7.95000000E+1	8.00000000E+1	8.05000000E+1	8.10000000E+1	8.15000000E+1	8.20000000E+1	8.25000000E+1	8.30000000E+1	8.35000000E+1	8.40000000E+1	8.45000000E+1	8.50000000E+1	8.55000000E+1	8.60000000E+1	8.65000000E+1	8.70000000E+1	8.75000000E+1	8.80000000E+1	8.85000000E+1	8.90000000E+1	8.95000000E+1	9.00000000E+1	9.05000000E+1	9.10000000E+1	9.15000000E+1	9.20000000E+1	9.25000000E+1	9.30000000E+1	9.35000000E+1	9.40000000E+1	9.45000000E+1	9.50000000E+1	9.55000000E+1	9.60000000E+1	9.65000000E+1	9.70000000E+1	9.75000000E+1	9.80000000E+1	9.85000000E+1	9.90000000E+1	9.95000000E+1	1.00000000E+2	1.00500000E+2	1.01000000E+2	1.01500000E+2	1.02000000E+2	1.02500000E+2	1.03000000E+2	1.03500000E+2	1.04000000E+2	1.04500000E+2	1.05000000E+2	1.05500000E+2	1.06000000E+2	1.06500000E+2	1.07000000E+2	1.07500000E+2	1.08000000E+2	1.08500000E+2	1.09000000E+2	1.09500000E+2	1.10000000E+2	1.10500000E+2	1.11000000E+2	1.11500000E+2	1.12000000E+2	1.12500000E+2	1.13000000E+2	1.13500000E+2	1.14000000E+2	1.14500000E+2	1.15000000E+2	1.15500000E+2	1.16000000E+2	1.16500000E+2	1.17000000E+2	1.17500000E+2	1.18000000E+2	1.18500000E+2	1.19000000E+2	1.19500000E+2	1.20000000E+2	1.20500000E+2	1.21000000E+2	1.21500000E+2	1.22000000E+2	1.22500000E+2	1.23000000E+2	1.23500000E+2	1.24000000E+2	1.24500000E+2	1.25000000E+2	1.25500000E+2	1.26000000E+2	1.26500000E+2	1.27000000E+2	1.27500000E+2	1.28000000E+2	1.28500000E+2	1.29000000E+2	1.29500000E+2	1.30000000E+2	1.30500000E+2	1.31000000E+2	1.31500000E+2	1.32000000E+2	1.32500000E+2	1.33000000E+2	1.33500000E+2	1.34000000E+2	1.34500000E+2	1.35000000E+2	1.35500000E+2	1.36000000E+2	1.36500000E+2	1.37000000E+2	1.37500000E+2	1.38000000E+2	1.38500000E+2	1.39000000E+2	1.39500000E+2	1.40000000E+2	1.40500000E+2	1.41000000E+2	1.41500000E+2	1.42000000E+2	1.42500000E+2	1.43000000E+2	1.43500000E+2	1.44000000E+2	1.44500000E+2	1.45000000E+2	1.45500000E+2	1.46000000E+2	1.46500000E+2	1.47000000E+2	1.47500000E+2	1.48000000E+2	1.48500000E+2	1.49000000E+2	1.49500000E+2	1.50000000E+2	1.50500000E+2	1.51000000E+2	1.51500000E+2	1.52000000E+2	1.52500000E+2	1.53000000E+2	1.53500000E+2	1.54000000E+2	1.54500000E+2	1.55000000E+2	1.55500000E+2	1.56000000E+2	1.56500000E+2	1.57000000E+2	1.57500000E+2	1.58000000E+2	1.58500000E+2	1.59000000E+2	1.59500000E+2	1.60000000E+2	1.60500000E+2	1.61000000E+2	1.61500000E+2	1.62000000E+2	1.62500000E+2	1.63000000E+2	1.63500000E+2	1.64000000E+2	1.64500000E+2	1.65000000E+2	1.65500000E+2	1.66000000E+2	1.66500000E+2	1.67000000E+2	1.67500000E+2	1.68000000E+2	1.68500000E+2	1.69000000E+2	1.69500000E+2	1.70000000E+2	1.70500000E+2	1.71000000E+2	1.71500000E+2	1.72000000E+2	1.72500000E+2	1.73000000E+2	1.73500000E+2	1.74000000E+2	1.74500000E+2	1.75000000E+2	1.75500000E+2	1.76000000E+2	1.76500000E+2	1.77000000E+2	1.77500000E+2	1.78000000E+2	1.78500000E+2	1.79000000E+2	1.79500000E+2	1.80000000E+2	1.80500000E+2	1.81000000E+2	1.81500000E+2	1.82000000E+2	1.82500000E+2	1.83000000E+2	1.83500000E+2	1.84000000E+2	1.84500000E+2	1.85000000E+2	1.85500000E+2	1.86000000E+2	1.86500000E+2	1.87000000E+2	1.87500000E+2	1.88000000E+2	1.88500000E+2	1.89000000E+2	1.89500000E+2	1.90000000E+2	1.90500000E+2	1.91000000E+2	1.91500000E+2	1.92000000E+2	1.92500000E+2	1.93000000E+2	1.93500000E+2	1.94000000E+2	1.94500000E+2	1.95000000E+2	1.95500000E+2	1.96000000E+2	1.96500000E+2	1.97000000E+2	1.97500000E+2	1.98000000E+2	1.98500000E+2	1.99000000E+2	1.99500000E+2	2.00000000E+2
</Val>
</String>
<U32>
<Name>dimensions</Name>
<Val>1</Val>
</U32>
<Cluster>
<Name>calibration</Name>
<NumElts>8</NumElts>
<String>
<Name>name</Name>
<Val></Val>
</String>
<EW>
<Name>calibration type</Name>
<Choice>tabulated</Choice>
<Choice>function</Choice>
<Choice>pass-through</Choice>
<Val>0</Val>
</EW>
<Array>
<Name>tabulated_x</Name>
<Dimsize>0</Dimsize>
<DBL>
<Name>Numeric</Name>
<Val></Val>
</DBL>
</Array>
<Array>
<Name>tabulated_y</Name>
<Dimsize>0</Dimsize>
<DBL>
<Name>Numeric</Name>
<Val></Val>
</DBL>
</Array>
<String>
<Name>forward_function</Name>
<Val></Val>
</String>
<String>
<Name>backward_function</Name>
<Val></Val>
</String>
<String>
<Name>source_unit_literal</Name>
<Val></Val>
</String>
<String>
<Name>target_unit_literal</Name>
<Val></Val>
</String>
</Cluster>
<String>
<Name>comment</Name>
<Val></Val>
</String>
</Cluster>
<Cluster>
<Name>parameter</Name>
<NumElts>5</NumElts>
<String>
<Name>name</Name>
<Val>motion_dev_pos_raw</Val>
</String>
<String>
<Name>values</Name>
<Val>4.49688687E-3	4.57183498E-3	4.64678310E-3	4.72173121E-3	4.79667933E-3	4.87162744E-3	4.94657556E-3	5.02152367E-3	5.09647179E-3	5.17141990E-3	5.24636801E-3	5.32131613E-3	5.39626424E-3	5.47121236E-3	5.54616047E-3	5.62110859E-3	5.69605670E-3	5.77100482E-3	5.84595293E-3	5.92090105E-3	5.99584916E-3	6.07079727E-3	6.14574539E-3	6.22069350E-3	6.29564162E-3	6.37058973E-3	6.44553785E-3	6.52048596E-3	6.59543408E-3	6.67038219E-3	6.74533030E-3	6.82027842E-3	6.89522653E-3	6.97017465E-3	7.04512276E-3	7.12007088E-3	7.19501899E-3	7.26996711E-3	7.34491522E-3	7.41986334E-3	7.49481145E-3	7.56975956E-3	7.64470768E-3	7.71965579E-3	7.79460391E-3	7.86955202E-3	7.94450014E-3	8.01944825E-3	8.09439637E-3	8.16934448E-3	8.24429259E-3	8.31924071E-3	8.39418882E-3	8.46913694E-3	8.54408505E-3	8.61903317E-3	8.69398128E-3	8.76892940E-3	8.84387751E-3	8.91882563E-3	8.99377374E-3	9.06872185E-3	9.14366997E-3	9.21861808E-3	9.29356620E-3	9.36851431E-3	9.44346243E-3	9.51841054E-3	9.59335866E-3	9.66830677E-3	9.74325488E-3	9.81820300E-3	9.89315111E-3	9.96809923E-3	1.00430473E-2	1.01179955E-2	1.01929436E-2	1.02678917E-2	1.03428398E-2	1.04177879E-2	1.04927360E-2	1.05676841E-2	1.06426323E-2	1.07175804E-2	1.07925285E-2	1.08674766E-2	1.09424247E-2	1.10173728E-2	1.10923209E-2	1.11672691E-2	1.12422172E-2	1.13171653E-2	1.13921134E-2	1.14670615E-2	1.15420096E-2	1.16169577E-2	1.16919059E-2	1.17668540E-2	1.18418021E-2	1.19167502E-2	1.19916983E-2	1.20666464E-2	1.21415945E-2	1.22165427E-2	1.22914908E-2	1.23664389E-2	1.24413870E-2	1.25163351E-2	1.25912832E-2	1.26662314E-2	1.27411795E-2	1.28161276E-2	1.28910757E-2	1.29660238E-2	1.30409719E-2	1.31159200E-2	1.31908682E-2	1.32658163E-2	1.33407644E-2	1.34157125E-2	1.34906606E-2	1.35656087E-2	1.36405568E-2	1.37155050E-2	1.37904531E-2	1.38654012E-2	1.39403493E-2	1.40152974E-2	1.40902455E-2	1.41651936E-2	1.42401418E-2	1.43150899E-2	1.43900380E-2	1.44649861E-2	1.45399342E-2	1.46148823E-2	1.46898304E-2	1.47647786E-2	1.48397267E-2	1.49146748E-2	1.49896229E-2	1.50645710E-2	1.51395191E-2	1.52144672E-2	1.52894154E-2	1.53643635E-2	1.54393116E-2	1.55142597E-2	1.55892078E-2	1.56641559E-2	1.57391040E-2	1.58140522E-2	1.58890003E-2	1.59639484E-2	1.60388965E-2	1.61138446E-2	1.61887927E-2	1.62637408E-2	1.63386890E-2	1.64136371E-2	1.64885852E-2	1.65635333E-2	1.66384814E-2	1.67134295E-2	1.67883776E-2	1.68633258E-2	1.69382739E-2	1.70132220E-2	1.70881701E-2	1.71631182E-2	1.72380663E-2	1.73130144E-2	1.73879626E-2	1.74629107E-2	1.75378588E-2	1.76128069E-2	1.76877550E-2	1.77627031E-2	1.78376513E-2	1.79125994E-2	1.79875475E-2	1.80624956E-2	1.81374437E-2	1.82123918E-2	1.82873399E-2	1.83622881E-2	1.84372362E-2	1.85121843E-2	1.85871324E-2	1.86620805E-2	1.87370286E-2	1.88119767E-2	1.88869249E-2	1.89618730E-2	1.90368211E-2	1.91117692E-2	1.91867173E-2	1.92616654E-2	1.93366135E-2	1.94115617E-2	1.94865098E-2	1.95614579E-2	1.96364060E-2	1.97113541E-2	1.97863022E-2	1.98612503E-2	1.99361985E-2	2.00111466E-2	2.00860947E-2	2.01610428E-2	2.02359909E-2	2.03109390E-2	2.03858871E-2	2.04608353E-2	2.05357834E-2	2.06107315E-2	2.06856796E-2	2.07606277E-2	2.08355758E-2	2.09105239E-2	2.09854721E-2	2.10604202E-2	2.11353683E-2	2.12103164E-2	2.12852645E-2	2.13602126E-2	2.14351607E-2	2.15101089E-2	2.15850570E-2	2.16600051E-2	2.17349532E-2	2.18099013E-2	2.18848494E-2	2.19597975E-2	2.20347457E-2	2.21096938E-2	2.21846419E-2	2.22595900E-2	2.23345381E-2	2.24094862E-2	2.24844343E-2	2.25593825E-2	2.26343306E-2	2.27092787E-2	2.27842268E-2	2.28591749E-2	2.29341230E-2	2.30090712E-2	2.30840193E-2	2.31589674E-2	2.32339155E-2	2.33088636E-2	2.33838117E-2	2.34587598E-2	2.35337080E-2	2.36086561E-2	2.36836042E-2	2.37585523E-2	2.38335004E-2	2.39084485E-2	2.39833966E-2	2.40583448E-2	2.41332929E-2	2.42082410E-2	2.42831891E-2	2.43581372E-2	2.44330853E-2	2.45080334E-2	2.45829816E-2	2.46579297E-2	2.47328778E-2	2.48078259E-2	2.48827740E-2	2.49577221E-2	2.50326702E-2	2.51076184E-2	2.51825665E-2	2.52575146E-2	2.53324627E-2	2.54074108E-2	2.54823589E-2	2.55573070E-2	2.56322552E-2	2.57072033E-2	2.57821514E-2	2.58570995E-2	2.59320476E-2	2.60069957E-2	2.60819438E-2	2.61568920E-2	2.62318401E-2	2.63067882E-2	2.63817363E-2	2.64566844E-2	2.65316325E-2	2.66065806E-2	2.66815288E-2	2.67564769E-2	2.68314250E-2	2.69063731E-2	2.69813212E-2	2.70562693E-2	2.71312174E-2	2.72061656E-2	2.72811137E-2	2.73560618E-2	2.74310099E-2	2.75059580E-2	2.75809061E-2	2.76558543E-2	2.77308024E-2	2.78057505E-2	2.78806986E-2	2.79556467E-2	2.80305948E-2	2.81055429E-2	2.81804911E-2	2.82554392E-2	2.83303873E-2	2.84053354E-2	2.84802835E-2	2.85552316E-2	2.86301797E-2	2.87051279E-2	2.87800760E-2	2.88550241E-2	2.89299722E-2	2.90049203E-2	2.90798684E-2	2.91548165E-2	2.92297647E-2	2.93047128E-2	2.93796609E-2	2.94546090E-2	2.95295571E-2	2.96045052E-2	2.96794533E-2	2.97544015E-2	2.98293496E-2	2.99042977E-2	2.99792458E-2
</Val>
</String>
<U32>
<Name>dimensions</Name>
<Val>1</Val>
</U32>
<Cluster>
<Name>calibration</Name>
<NumElts>8</NumElts>
<String>
<Name>name</Name>
<Val></Val>
</String>
<EW>
<Name>calibration type</Name>
<Choice>tabulated</Choice>
<Choice>function</Choice>
<Choice>pass-through</Choice>
<Val>0</Val>
</EW>
<Array>
<Name>tabulated_x</Name>
<Dimsize>0</Dimsize>
<DBL>
<Name>Numeric</Name>
<Val></Val>
</DBL>
</Array>
<Array>
<Name>tabulated_y</Name>
<Dimsize>0</Dimsize>
<DBL>
<Name>Numeric</Name>
<Val></Val>
</DBL>
</Array>
<String>
<Name>forward_function</Name>
<Val></Val>
</String>
<String>
<Name>backward_function</Name>
<Val></Val>
</String>
<String>
<Name>source_unit_literal</Name>
<Val></Val>
</String>
<String>
<Name>target_unit_literal</Name>
<Val></Val>
</String>
</Cluster>
<String>
<Name>comment</Name>
<Val></Val>
</String>
</Cluster>
<Cluster>
<Name>parameter</Name>
<NumElts>5</NumElts>
<String>
<Name>name</Name>
<Val>time_constants</Val>
</String>
<String>
<Name>values</Name>
<Val>3.00000000E-2
</Val>
</String>
<U32>
<Name>dimensions</Name>
<Val>1</Val>
</U32>
<Cluster>
<Name>calibration</Name>
<NumElts>8</NumElts>
<String>
<Name>name</Name>
<Val></Val>
</String>
<EW>
<Name>calibration type</Name>
<Choice>tabulated</Choice>
<Choice>function</Choice>
<Choice>pass-through</Choice>
<Val>0</Val>
</EW>
<Array>
<Name>tabulated_x</Name>
<Dimsize>0</Dimsize>
<DBL>
<Name>Numeric</Name>
<Val></Val>
</DBL>
</Array>
<Array>
<Name>tabulated_y</Name>
<Dimsize>0</Dimsize>
<DBL>
<Name>Numeric</Name>
<Val></Val>
</DBL>
</Array>
<String>
<Name>forward_function</Name>
<Val></Val>
</String>
<String>
<Name>backward_function</Name>
<Val></Val>
</String>
<String>
<Name>source_unit_literal</Name>
<Val></Val>
</String>
<String>
<Name>target_unit_literal</Name>
<Val></Val>
</String>
</Cluster>
<String>
<Name>comment</Name>
<Val></Val>
</String>
</Cluster>
</Array>
<Array>
<Name>measurands</Name>
<Dimsize>6</Dimsize>
<Cluster>
<Name>measurand</Name>
<NumElts>2</NumElts>
<String>
<Name>name</Name>
<Val>lockin_ch0_x</Val>
</String>
<String>
<Name>type</Name>
<Val>double</Val>
</String>
</Cluster>
<Cluster>
<Name>measurand</Name>
<NumElts>2</NumElts>
<String>
<Name>name</Name>
<Val>lockin_ch0_y</Val>
</String>
<String>
<Name>type</Name>
<Val>double</Val>
</String>
</Cluster>
<Cluster>
<Name>measurand</Name>
<NumElts>2</NumElts>
<String>
<Name>name</Name>
<Val>lockin_ch0_xErr</Val>
</String>
<String>
<Name>type</Name>
<Val>double</Val>
</String>
</Cluster>
<Cluster>
<Name>measurand</Name>
<NumElts>2</NumElts>
<String>
<Name>name</Name>
<Val>lockin_ch0_yErr</Val>
</String>
<String>
<Name>type</Name>
<Val>double</Val>
</String>
</Cluster>
<Cluster>
<Name>measurand</Name>
<NumElts>2</NumElts>
<String>
<Name>name</Name>
<Val>lockin_ch0_frequency</Val>
</String>
<String>
<Name>type</Name>
<Val>double</Val>
</String>
</Cluster>
<Cluster>
<Name>measurand</Name>
<NumElts>2</NumElts>
<String>
<Name>name</Name>
<Val>lockin_ch0_phase</Val>
</String>
<String>
<Name>type</Name>
<Val>double</Val>
</String>
</Cluster>
</Array>
</Cluster>
<Array>
<Name>measurands</Name>
<Dimsize>6</Dimsize>
<Cluster>
<Name>measurand</Name>
<NumElts>4</NumElts>
<String>
<Name>name</Name>
<Val>lockin_ch0_x</Val>
</String>
<String>
<Name>type</Name>
<Val>double</Val>
</String>
<I32>
<Name>dimensions</Name>
<Val>2</Val>
</I32>
<String>
<Name>data</Name>
<Val>-3.05787000E-2
-3.05482000E-2
-3.06093000E-2
-3.06093000E-2
-3.06093000E-2
-3.06093000E-2
-3.06093000E-2
-3.06398000E-2
-3.06398000E-2
-3.06093000E-2
-3.06398000E-2
-3.06093000E-2
-3.06093000E-2
-3.06093000E-2
-3.05787000E-2
-3.06093000E-2
-3.06093000E-2
-3.05482000E-2
-3.04567000E-2
-3.04872000E-2
-3.05177000E-2
-3.05177000E-2
-3.05177000E-2
-3.04567000E-2
-3.04872000E-2
-3.04872000E-2
-3.04872000E-2
-3.05177000E-2
-3.04872000E-2
-3.03956000E-2
-2.95106000E-2
-2.17286000E-2
-2.04469000E-2
-2.16676000E-2
-2.21559000E-2
-2.25526000E-2
-2.27357000E-2
-2.27968000E-2
-2.28273000E-2
-2.29188000E-2
-2.28883000E-2
-2.28578000E-2
-2.19728000E-2
-1.35499000E-2
5.68850000E-2
2.51284000E-1
2.41548000E-1
2.25190000E-1
2.15913000E-1
2.11732000E-1
2.09596000E-1
2.09107000E-1
2.07490000E-1
2.05323000E-1
2.03584000E-1
2.02790000E-1
2.02332000E-1
2.01936000E-1
2.04164000E-1
2.03950000E-1
2.03126000E-1
2.01509000E-1
2.01447000E-1
2.00593000E-1
1.99555000E-1
2.00471000E-1
2.00288000E-1
1.99189000E-1
1.97175000E-1
1.97206000E-1
1.96473000E-1
1.95924000E-1
1.95497000E-1
1.94703000E-1
1.93879000E-1
1.93330000E-1
1.92658000E-1
1.91407000E-1
1.90888000E-1
1.90339000E-1
1.90949000E-1
1.89759000E-1
1.88478000E-1
1.87867000E-1
1.87715000E-1
1.87409000E-1
1.87409000E-1
1.86158000E-1
1.85853000E-1
1.85182000E-1
1.84480000E-1
1.83564000E-1
1.83228000E-1
1.83351000E-1
1.82954000E-1
1.82130000E-1
1.80879000E-1
1.80451000E-1
1.79536000E-1
1.78956000E-1
1.78651000E-1
1.78681000E-1
1.79200000E-1
1.78559000E-1
1.76911000E-1
1.75477000E-1
1.75599000E-1
1.75080000E-1
1.75172000E-1
1.74348000E-1
1.74012000E-1
1.73707000E-1
1.72730000E-1
1.71906000E-1
1.71510000E-1
1.70564000E-1
1.70625000E-1
1.70075000E-1
1.70594000E-1
1.69221000E-1
1.68580000E-1
1.67970000E-1
1.67542000E-1
1.66566000E-1
1.66718000E-1
1.64948000E-1
1.63545000E-1
1.63117000E-1
1.62110000E-1
1.61500000E-1
1.62019000E-1
1.62080000E-1
1.61592000E-1
1.60951000E-1
1.60707000E-1
1.59822000E-1
1.58906000E-1
1.58631000E-1
1.57838000E-1
1.58601000E-1
1.58143000E-1
1.57777000E-1
1.57472000E-1
1.57075000E-1
1.56739000E-1
1.56312000E-1
1.55274000E-1
1.54206000E-1
1.53718000E-1
1.53626000E-1
1.52955000E-1
1.52253000E-1
1.51765000E-1
1.51734000E-1
1.51460000E-1
1.51216000E-1
1.50788000E-1
1.50422000E-1
1.49598000E-1
1.48927000E-1
1.48011000E-1
1.48164000E-1
1.48225000E-1
1.48408000E-1
1.47340000E-1
1.46119000E-1
1.45478000E-1
1.45204000E-1
1.45112000E-1
1.44959000E-1
1.44044000E-1
1.43434000E-1
1.43128000E-1
1.43617000E-1
1.43159000E-1
1.42091000E-1
1.41725000E-1
1.41328000E-1
1.40351000E-1
1.40107000E-1
1.39955000E-1
1.39466000E-1
1.39161000E-1
1.39161000E-1
1.38459000E-1
1.38368000E-1
1.38185000E-1
1.37483000E-1
1.36842000E-1
1.36506000E-1
1.36384000E-1
1.35682000E-1
1.35041000E-1
1.34614000E-1
1.34156000E-1
1.33637000E-1
1.33241000E-1
1.32874000E-1
1.32295000E-1
1.32112000E-1
1.31654000E-1
1.31501000E-1
1.31043000E-1
1.30280000E-1
1.29975000E-1
1.29975000E-1
1.29884000E-1
1.29518000E-1
1.28663000E-1
1.28266000E-1
1.27534000E-1
1.27198000E-1
1.26649000E-1
1.26252000E-1
1.25978000E-1
1.25672000E-1
1.25215000E-1
1.24756000E-1
1.24360000E-1
1.23932000E-1
1.23963000E-1
1.23505000E-1
1.23017000E-1
1.22986000E-1
1.22651000E-1
1.22101000E-1
1.21888000E-1
1.21125000E-1
1.20667000E-1
1.20148000E-1
1.19690000E-1
1.18805000E-1
1.18348000E-1
1.18409000E-1
1.18683000E-1
1.17920000E-1
1.16944000E-1
1.16608000E-1
1.15784000E-1
1.16028000E-1
1.16272000E-1
1.15387000E-1
1.15021000E-1
1.14594000E-1
1.14533000E-1
1.13923000E-1
1.13678000E-1
1.13282000E-1
1.12916000E-1
1.12519000E-1
1.11878000E-1
1.11451000E-1
1.11298000E-1
1.11023000E-1
1.10444000E-1
1.10688000E-1
1.10627000E-1
1.09925000E-1
1.09955000E-1
1.09040000E-1
1.08979000E-1
1.09009000E-1
1.08368000E-1
1.07789000E-1
1.07361000E-1
1.06415000E-1
1.06293000E-1
1.05835000E-1
1.05683000E-1
1.05622000E-1
1.05286000E-1
1.04645000E-1
1.04187000E-1
1.04249000E-1
1.03669000E-1
1.03302000E-1
1.03058000E-1
1.02967000E-1
1.02417000E-1
1.01624000E-1
1.01471000E-1
1.01532000E-1
1.01441000E-1
1.01288000E-1
1.00495000E-1
1.00007000E-1
9.98845000E-2
9.97014000E-2
9.89690000E-2
9.87859000E-2
9.89079000E-2
9.85112000E-2
9.77483000E-2
9.73516000E-2
9.69853000E-2
9.66191000E-2
9.55815000E-2
9.53984000E-2
9.51543000E-2
9.56731000E-2
9.54595000E-2
9.50627000E-2
9.46050000E-2
9.42082000E-2
9.35674000E-2
9.36894000E-2
9.28349000E-2
9.21330000E-2
9.18889000E-2
9.11565000E-2
9.07598000E-2
9.10954000E-2
9.07292000E-2
9.06072000E-2
9.00578000E-2
9.02410000E-2
8.99968000E-2
8.95696000E-2
8.90508000E-2
8.84709000E-2
8.80437000E-2
8.82268000E-2
8.80742000E-2
8.71587000E-2
8.72502000E-2
8.74333000E-2
8.68840000E-2
8.64263000E-2
8.59990000E-2
8.58464000E-2
8.54497000E-2
8.54192000E-2
8.53276000E-2
8.51445000E-2
8.46868000E-2
8.44426000E-2
8.39238000E-2
8.33440000E-2
8.32219000E-2
8.27947000E-2
8.28252000E-2
</Val>
</String>
</Cluster>
<Cluster>
<Name>measurand</Name>
<NumElts>4</NumElts>
<String>
<Name>name</Name>
<Val>lockin_ch0_y</Val>
</String>
<String>
<Name>type</Name>
<Val>double</Val>
</String>
<I32>
<Name>dimensions</Name>
<Val>2</Val>
</I32>
<String>
<Name>data</Name>
<Val>4.94388000E-3
4.94388000E-3
4.94388000E-3
4.94388000E-3
4.94388000E-3
4.94388000E-3
4.94388000E-3
4.94388000E-3
4.97440000E-3
4.94388000E-3
4.97440000E-3
4.94388000E-3
4.97440000E-3
4.94388000E-3
4.94388000E-3
4.94388000E-3
4.94388000E-3
4.94388000E-3
4.94388000E-3
4.94388000E-3
4.94388000E-3
4.91336000E-3
4.94388000E-3
4.94388000E-3
4.94388000E-3
4.94388000E-3
4.94388000E-3
4.94388000E-3
4.94388000E-3
4.91336000E-3
4.88284000E-3
4.39456000E-3
4.18094000E-3
4.24197000E-3
4.27249000E-3
4.30301000E-3
4.33353000E-3
4.30301000E-3
4.33353000E-3
4.33353000E-3
4.33353000E-3
4.30301000E-3
4.30301000E-3
4.05887000E-3
2.28883000E-3
6.10356000E-5
2.44142000E-4
4.27248000E-4
4.27248000E-4
4.88285000E-4
4.57766000E-4
3.96730000E-4
4.27248000E-4
5.49320000E-4
5.49320000E-4
6.71390000E-4
6.10355000E-4
6.40873000E-4
1.00709000E-3
9.76570000E-4
9.46049000E-4
1.00709000E-3
9.15531000E-4
1.06812000E-3
1.00709000E-3
9.46049000E-4
8.23978000E-4
9.76570000E-4
1.09864000E-3
1.03761000E-3
1.09864000E-3
1.12916000E-3
1.09864000E-3
1.12916000E-3
1.09864000E-3
1.12916000E-3
1.09864000E-3
1.15968000E-3
1.25123000E-3
1.22071000E-3
1.22071000E-3
1.28175000E-3
1.31226000E-3
1.31226000E-3
1.25123000E-3
1.28175000E-3
1.19019000E-3
1.25123000E-3
1.31226000E-3
1.28175000E-3
1.31226000E-3
1.37330000E-3
1.28175000E-3
1.31226000E-3
1.34278000E-3
1.37330000E-3
1.46485000E-3
1.46485000E-3
1.49537000E-3
1.49537000E-3
1.49537000E-3
1.52589000E-3
1.46485000E-3
1.40382000E-3
1.49537000E-3
1.58692000E-3
1.52589000E-3
1.55640000E-3
1.52589000E-3
1.49537000E-3
1.52589000E-3
1.58692000E-3
1.55640000E-3
1.58692000E-3
1.55640000E-3
1.64796000E-3
1.61744000E-3
1.58692000E-3
1.49537000E-3
1.55640000E-3
1.64796000E-3
1.70899000E-3
1.67847000E-3
1.73951000E-3
1.67847000E-3
1.80054000E-3
1.86158000E-3
1.80054000E-3
1.80054000E-3
1.83106000E-3
1.83106000E-3
1.83106000E-3
1.83106000E-3
1.86158000E-3
1.86158000E-3
1.92261000E-3
1.92261000E-3
1.92261000E-3
1.95314000E-3
1.89210000E-3
1.92261000E-3
1.89210000E-3
1.86158000E-3
1.92261000E-3
1.92261000E-3
1.92261000E-3
1.92261000E-3
1.95314000E-3
1.95314000E-3
1.92261000E-3
2.01418000E-3
2.04469000E-3
2.04469000E-3
2.07521000E-3
2.04469000E-3
2.01418000E-3
2.04469000E-3
2.04469000E-3
2.04469000E-3
2.04469000E-3
2.10573000E-3
2.10573000E-3
2.01418000E-3
2.07521000E-3
2.07521000E-3
2.07521000E-3
2.10573000E-3
2.13625000E-3
2.10573000E-3
2.13625000E-3
2.13625000E-3
2.16676000E-3
2.16676000E-3
2.10573000E-3
2.13625000E-3
2.22780000E-3
2.19728000E-3
2.19728000E-3
2.25832000E-3
2.25832000E-3
2.25832000E-3
2.28883000E-3
2.28883000E-3
2.25832000E-3
2.25832000E-3
2.25832000E-3
2.22780000E-3
2.28883000E-3
2.28883000E-3
2.28883000E-3
2.28883000E-3
2.28883000E-3
2.34987000E-3
2.38039000E-3
2.38039000E-3
2.38039000E-3
2.34987000E-3
2.41090000E-3
2.38039000E-3
2.34987000E-3
2.41090000E-3
2.41090000E-3
2.41090000E-3
2.47194000E-3
2.41090000E-3
2.44142000E-3
2.41090000E-3
2.44142000E-3
2.44142000E-3
2.44142000E-3
2.47194000E-3
2.53297000E-3
2.50246000E-3
2.47194000E-3
2.53297000E-3
2.53297000E-3
2.53297000E-3
2.56349000E-3
2.53297000E-3
2.56349000E-3
2.53297000E-3
2.53297000E-3
2.56349000E-3
2.56349000E-3
2.56349000E-3
2.56349000E-3
2.53297000E-3
2.59401000E-3
2.59401000E-3
2.59401000E-3
2.59401000E-3
2.62453000E-3
2.62453000E-3
2.68556000E-3
2.62453000E-3
2.65504000E-3
2.65504000E-3
2.74660000E-3
2.71608000E-3
2.71608000E-3
2.65504000E-3
2.71608000E-3
2.71608000E-3
2.74660000E-3
2.71608000E-3
2.74660000E-3
2.71608000E-3
2.74660000E-3
2.71608000E-3
2.77711000E-3
2.77711000E-3
2.77711000E-3
2.77711000E-3
2.77711000E-3
2.77711000E-3
2.77711000E-3
2.74660000E-3
2.80763000E-3
2.77711000E-3
2.80763000E-3
2.77711000E-3
2.77711000E-3
2.77711000E-3
2.80763000E-3
2.77711000E-3
2.83815000E-3
2.83815000E-3
2.83815000E-3
2.86867000E-3
2.83815000E-3
2.89918000E-3
2.89918000E-3
2.89918000E-3
2.92970000E-3
2.89918000E-3
2.89918000E-3
2.89918000E-3
2.89918000E-3
2.83815000E-3
2.96022000E-3
2.96022000E-3
2.92970000E-3
2.92970000E-3
2.89918000E-3
2.92970000E-3
2.92970000E-3
2.92970000E-3
2.89918000E-3
2.96022000E-3
2.96022000E-3
2.96022000E-3
2.92970000E-3
2.99074000E-3
2.99074000E-3
2.99074000E-3
2.99074000E-3
3.11281000E-3
3.08229000E-3
3.08229000E-3
2.99074000E-3
3.02126000E-3
3.02126000E-3
3.05177000E-3
3.05177000E-3
3.11281000E-3
3.08229000E-3
3.11281000E-3
3.11281000E-3
3.14333000E-3
3.14333000E-3
3.17384000E-3
3.14333000E-3
3.14333000E-3
3.11281000E-3
3.14333000E-3
3.11281000E-3
3.11281000E-3
3.11281000E-3
3.14333000E-3
3.17384000E-3
3.17384000E-3
3.14333000E-3
3.14333000E-3
3.20436000E-3
3.17384000E-3
3.14333000E-3
3.17384000E-3
3.20436000E-3
3.20436000E-3
3.20436000E-3
3.20436000E-3
3.20436000E-3
3.17384000E-3
3.17384000E-3
3.17384000E-3
3.17384000E-3
3.20436000E-3
3.23488000E-3
3.26540000E-3
3.26540000E-3
3.26540000E-3
</Val>
</String>
</Cluster>
<Cluster>
<Name>measurand</Name>
<NumElts>4</NumElts>
<String>
<Name>name</Name>
<Val>lockin_ch0_xErr</Val>
</String>
<String>
<Name>type</Name>
<Val>double</Val>
</String>
<I32>
<Name>dimensions</Name>
<Val>2</Val>
</I32>
<String>
<Name>data</Name>
<Val></Val>
</String>
</Cluster>
<Cluster>
<Name>measurand</Name>
<NumElts>4</NumElts>
<String>
<Name>name</Name>
<Val>lockin_ch0_yErr</Val>
</String>
<String>
<Name>type</Name>
<Val>double</Val>
</String>
<I32>
<Name>dimensions</Name>
<Val>2</Val>
</I32>
<String>
<Name>data</Name>
<Val></Val>
</String>
</Cluster>
<Cluster>
<Name>measurand</Name>
<NumElts>4</NumElts>
<String>
<Name>name</Name>
<Val>lockin_ch0_frequency</Val>
</String>
<String>
<Name>type</Name>
<Val>double</Val>
</String>
<I32>
<Name>dimensions</Name>
<Val>2</Val>
</I32>
<String>
<Name>data</Name>
<Val></Val>
</String>
</Cluster>
<Cluster>
<Name>measurand</Name>
<NumElts>4</NumElts>
<String>
<Name>name</Name>
<Val>lockin_ch0_phase</Val>
</String>
<String>
<Name>type</Name>
<Val>double</Val>
</String>
<I32>
<Name>dimensions</Name>
<Val>2</Val>
</I32>
<String>
<Name>data</Name>
<Val></Val>
</String>
</Cluster>
</Array>
</LVData>