<?xml version='1.0' standalone='yes' ?>
<LVData xmlns="http://www.ni.com/LVData">
<Version>14.0.1</Version>
<Cluster>
<Name>header_text</Name>
<NumElts>5</NumElts>
<String>
<Name>parameters</Name>
<Val></Val>
</String>
<String>
<Name>comment</Name>
<Val>test</Val>
</String>
<Timestamp>
<Name>date</Name>
<Cluster>
<Name></Name>
<NumElts>4</NumElts>
<I32>
<Name></Name>
<Val>0</Val>
</I32>
<I32>
<Name></Name>
<Val>0</Val>
</I32>
<I32>
<Name></Name>
<Val>0</Val>
</I32>
<I32>
<Name></Name>
<Val>0</Val>
</I32>
</Cluster>
</Timestamp>
<Array>
<Name>variables</Name>
<Dimsize>3</Dimsize>
<Cluster>
<Name>parameter</Name>
<NumElts>5</NumElts>
<String>
<Name>name</Name>
<Val>motion_dev_pos</Val>
</String>
<String>
<Name>values</Name>
<Val>3.00000000E+1	3.05000000E+1	3.10000000E+1	3.15000000E+1	3.20000000E+1	3.25000000E+1	3.30000000E+1	3.35000000E+1	3.40000000E+1	3.45000000E+1	3.50000000E+1	3.55000000E+1	3.60000000E+1	3.65000000E+1	3.70000000E+1	3.75000000E+1	3.80000000E+1	3.85000000E+1	3.90000000E+1	3.95000000E+1	4.00000000E+1	4.05000000E+1	4.10000000E+1	4.15000000E+1	4.20000000E+1	4.25000000E+1	4.30000000E+1	4.35000000E+1	4.40000000E+1	4.45000000E+1	4.50000000E+1	4.55000000E+1	4.60000000E+1	4.65000000E+1	4.70000000E+1	4.75000000E+1	4.80000000E+1	4.85000000E+1	4.90000000E+1	4.95000000E+1	5.00000000E+1	5.05000000E+1	5.10000000E+1	5.15000000E+1	5.20000000E+1	5.25000000E+1	5.30000000E+1	5.35000000E+1	5.40000000E+1	5.45000000E+1	5.50000000E+1	5.55000000E+1	5.60000000E+1	5.65000000E+1	5.70000000E+1	5.75000000E+1	5.80000000E+1	5.85000000E+1	5.90000000E+1	5.95000000E+1	6.00000000E+1	6.05000000E+1	6.10000000E+1	6.15000000E+1	6.20000000E+1	6.25000000E+1	6.30000000E+1	6.35000000E+1	6.40000000E+1	6.45000000E+1	6.50000000E+1	6.55000000E+1	6.60000000E+1	6.65000000E+1	6.70000000E+1	6.75000000E+1	6.80000000E+1	6.85000000E+1	6.90000000E+1	6.95000000E+1	7.00000000E+1	7.05000000E+1	7.10000000E+1	7.15000000E+1	7.20000000E+1	7.25000000E+1	7.30000000E+1	7.35000000E+1	7.40000000E+1	7.45000000E+1	7.50000000E+1	7.55000000E+1	7.60000000E+1	7.65000000E+1	7.70000000E+1	7.75000000E+1	7.80000000E+1	7.85000000E+1	7.90000000E+1	7.95000000E+1	8.00000000E+1	8.05000000E+1	8.10000000E+1	8.15000000E+1	8.20000000E+1	8.25000000E+1	8.30000000E+1	8.35000000E+1	8.40000000E+1	8.45000000E+1	8.50000000E+1	8.55000000E+1	8.60000000E+1	8.65000000E+1	8.70000000E+1	8.75000000E+1	8.80000000E+1	8.85000000E+1	8.90000000E+1	8.95000000E+1	9.00000000E+1	9.05000000E+1	9.10000000E+1	9.15000000E+1	9.20000000E+1	9.25000000E+1	9.30000000E+1	9.35000000E+1	9.40000000E+1	9.45000000E+1	9.50000000E+1	9.55000000E+1	9.60000000E+1	9.65000000E+1	9.70000000E+1	9.75000000E+1	9.80000000E+1	9.85000000E+1	9.90000000E+1	9.95000000E+1	1.00000000E+2	1.00500000E+2	1.01000000E+2	1.01500000E+2	1.02000000E+2	1.02500000E+2	1.03000000E+2	1.03500000E+2	1.04000000E+2	1.04500000E+2	1.05000000E+2	1.05500000E+2	1.06000000E+2	1.06500000E+2	1.07000000E+2	1.07500000E+2	1.08000000E+2	1.08500000E+2	1.09000000E+2	1.09500000E+2	1.10000000E+2	1.10500000E+2	1.11000000E+2	1.11500000E+2	1.12000000E+2	1.12500000E+2	1.13000000E+2	1.13500000E+2	1.14000000E+2	1.14500000E+2	1.15000000E+2	1.15500000E+2	1.16000000E+2	1.16500000E+2	1.17000000E+2	1.17500000E+2	1.18000000E+2	1.18500000E+2	1.19000000E+2	1.19500000E+2	1.20000000E+2	1.20500000E+2	1.21000000E+2	1.21500000E+2	1.22000000E+2	1.22500000E+2	1.23000000E+2	1.23500000E+2	1.24000000E+2	1.24500000E+2	1.25000000E+2	1.25500000E+2	1.26000000E+2	1.26500000E+2	1.27000000E+2	1.27500000E+2	1.28000000E+2	1.28500000E+2	1.29000000E+2	1.29500000E+2	1.30000000E+2	1.30500000E+2	1.31000000E+2	1.31500000E+2	1.32000000E+2	1.32500000E+2	1.33000000E+2	1.33500000E+2	1.34000000E+2	1.34500000E+2	1.35000000E+2	1.35500000E+2	1.36000000E+2	1.36500000E+2	1.37000000E+2	1.37500000E+2	1.38000000E+2	1.38500000E+2	1.39000000E+2	1.39500000E+2	1.40000000E+2	1.40500000E+2	1.41000000E+2	1.41500000E+2	1.42000000E+2	1.42500000E+2	1.43000000E+2	1.43500000E+2	1.44000000E+2	1.44500000E+2	1.45000000E+2	1.45500000E+2	1.46000000E+2	1.46500000E+2	1.47000000E+2	1.47500000E+2	1.48000000E+2	1.48500000E+2	1.49000000E+2	1.49500000E+2	1.50000000E+2	1.50500000E+2	1.51000000E+2	1.51500000E+2	1.52000000E+2	1.52500000E+2	1.53000000E+2	1.53500000E+2	1.54000000E+2	1.54500000E+2	1.55000000E+2	1.55500000E+2	1.56000000E+2	1.56500000E+2	1.57000000E+2	1.57500000E+2	1.58000000E+2	1.58500000E+2	1.59000000E+2	1.59500000E+2	1.60000000E+2	1.60500000E+2	1.61000000E+2	1.61500000E+2	1.62000000E+2	1.62500000E+2	1.63000000E+2	1.63500000E+2	1.64000000E+2	1.64500000E+2	1.65000000E+2	1.65500000E+2	1.66000000E+2	1.66500000E+2	1.67000000E+2	1.67500000E+2	1.68000000E+2	1.68500000E+2	1.69000000E+2	1.69500000E+2	1.70000000E+2	1.70500000E+2	1.71000000E+2	1.71500000E+2	1.72000000E+2	1.72500000E+2	1.73000000E+2	1.73500000E+2	1.74000000E+2	1.74500000E+2	1.75000000E+2	1.75500000E+2	1.76000000E+2	1.76500000E+2	1.77000000E+2	1.77500000E+2	1.78000000E+2	1.78500000E+2	1.79000000E+2	1.79500000E+2	1.80000000E+2	1.80500000E+2	1.81000000E+2	1.81500000E+2	1.82000000E+2	1.82500000E+2	1.83000000E+2	1.83500000E+2	1.84000000E+2	1.84500000E+2	1.85000000E+2	1.85500000E+2	1.86000000E+2	1.86500000E+2	1.87000000E+2	1.87500000E+2	1.88000000E+2	1.88500000E+2	1.89000000E+2	1.89500000E+2	1.90000000E+2	1.90500000E+2	1.91000000E+2	1.91500000E+2	1.92000000E+2	1.92500000E+2	1.93000000E+2	1.93500000E+2	1.94000000E+2	1.94500000E+2	1.95000000E+2	1.95500000E+2	1.96000000E+2	1.96500000E+2	1.97000000E+2	1.97500000E+2	1.98000000E+2	1.98500000E+2	1.99000000E+2	1.99500000E+2	2.00000000E+2
</Val>
</String>
<U32>
<Name>dimensions</Name>
<Val>1</Val>
</U32>
<Cluster>
<Name>calibration</Name>
<NumElts>8</NumElts>
<String>
<Name>name</Name>
<Val></Val>
</String>
<EW>
<Name>calibration type</Name>
<Choice>tabulated</Choice>
<Choice>function</Choice>
<Choice>pass-through</Choice>
<Val>0</Val>
</EW>
<Array>
<Name>tabulated_x</Name>
<Dimsize>0</Dimsize>
<DBL>
<Name>Numeric</Name>
<Val></Val>
</DBL>
</Array>
<Array>
<Name>tabulated_y</Name>
<Dimsize>0</Dimsize>
<DBL>
<Name>Numeric</Name>
<Val></Val>
</DBL>
</Array>
<String>
<Name>forward_function</Name>
<Val></Val>
</String>
<String>
<Name>backward_function</Name>
<Val></Val>
</String>
<String>
<Name>source_unit_literal</Name>
<Val></Val>
</String>
<String>
<Name>target_unit_literal</Name>
<Val></Val>
</String>
</Cluster>
<String>
<Name>comment</Name>
<Val></Val>
</String>
</Cluster>
<Cluster>
<Name>parameter</Name>
<NumElts>5</NumElts>
<String>
<Name>name</Name>
<Val>motion_dev_pos_raw</Val>
</String>
<String>
<Name>values</Name>
<Val>4.49688687E-3	4.57183498E-3	4.64678310E-3	4.72173121E-3	4.79667933E-3	4.87162744E-3	4.94657556E-3	5.02152367E-3	5.09647179E-3	5.17141990E-3	5.24636801E-3	5.32131613E-3	5.39626424E-3	5.47121236E-3	5.54616047E-3	5.62110859E-3	5.69605670E-3	5.77100482E-3	5.84595293E-3	5.92090105E-3	5.99584916E-3	6.07079727E-3	6.14574539E-3	6.22069350E-3	6.29564162E-3	6.37058973E-3	6.44553785E-3	6.52048596E-3	6.59543408E-3	6.67038219E-3	6.74533030E-3	6.82027842E-3	6.89522653E-3	6.97017465E-3	7.04512276E-3	7.12007088E-3	7.19501899E-3	7.26996711E-3	7.34491522E-3	7.41986334E-3	7.49481145E-3	7.56975956E-3	7.64470768E-3	7.71965579E-3	7.79460391E-3	7.86955202E-3	7.94450014E-3	8.01944825E-3	8.09439637E-3	8.16934448E-3	8.24429259E-3	8.31924071E-3	8.39418882E-3	8.46913694E-3	8.54408505E-3	8.61903317E-3	8.69398128E-3	8.76892940E-3	8.84387751E-3	8.91882563E-3	8.99377374E-3	9.06872185E-3	9.14366997E-3	9.21861808E-3	9.29356620E-3	9.36851431E-3	9.44346243E-3	9.51841054E-3	9.59335866E-3	9.66830677E-3	9.74325488E-3	9.81820300E-3	9.89315111E-3	9.96809923E-3	1.00430473E-2	1.01179955E-2	1.01929436E-2	1.02678917E-2	1.03428398E-2	1.04177879E-2	1.04927360E-2	1.05676841E-2	1.06426323E-2	1.07175804E-2	1.07925285E-2	1.08674766E-2	1.09424247E-2	1.10173728E-2	1.10923209E-2	1.11672691E-2	1.12422172E-2	1.13171653E-2	1.13921134E-2	1.14670615E-2	1.15420096E-2	1.16169577E-2	1.16919059E-2	1.17668540E-2	1.18418021E-2	1.19167502E-2	1.19916983E-2	1.20666464E-2	1.21415945E-2	1.22165427E-2	1.22914908E-2	1.23664389E-2	1.24413870E-2	1.25163351E-2	1.25912832E-2	1.26662314E-2	1.27411795E-2	1.28161276E-2	1.28910757E-2	1.29660238E-2	1.30409719E-2	1.31159200E-2	1.31908682E-2	1.32658163E-2	1.33407644E-2	1.34157125E-2	1.34906606E-2	1.35656087E-2	1.36405568E-2	1.37155050E-2	1.37904531E-2	1.38654012E-2	1.39403493E-2	1.40152974E-2	1.40902455E-2	1.41651936E-2	1.42401418E-2	1.43150899E-2	1.43900380E-2	1.44649861E-2	1.45399342E-2	1.46148823E-2	1.46898304E-2	1.47647786E-2	1.48397267E-2	1.49146748E-2	1.49896229E-2	1.50645710E-2	1.51395191E-2	1.52144672E-2	1.52894154E-2	1.53643635E-2	1.54393116E-2	1.55142597E-2	1.55892078E-2	1.56641559E-2	1.57391040E-2	1.58140522E-2	1.58890003E-2	1.59639484E-2	1.60388965E-2	1.61138446E-2	1.61887927E-2	1.62637408E-2	1.63386890E-2	1.64136371E-2	1.64885852E-2	1.65635333E-2	1.66384814E-2	1.67134295E-2	1.67883776E-2	1.68633258E-2	1.69382739E-2	1.70132220E-2	1.70881701E-2	1.71631182E-2	1.72380663E-2	1.73130144E-2	1.73879626E-2	1.74629107E-2	1.75378588E-2	1.76128069E-2	1.76877550E-2	1.77627031E-2	1.78376513E-2	1.79125994E-2	1.79875475E-2	1.80624956E-2	1.81374437E-2	1.82123918E-2	1.82873399E-2	1.83622881E-2	1.84372362E-2	1.85121843E-2	1.85871324E-2	1.86620805E-2	1.87370286E-2	1.88119767E-2	1.88869249E-2	1.89618730E-2	1.90368211E-2	1.91117692E-2	1.91867173E-2	1.92616654E-2	1.93366135E-2	1.94115617E-2	1.94865098E-2	1.95614579E-2	1.96364060E-2	1.97113541E-2	1.97863022E-2	1.98612503E-2	1.99361985E-2	2.00111466E-2	2.00860947E-2	2.01610428E-2	2.02359909E-2	2.03109390E-2	2.03858871E-2	2.04608353E-2	2.05357834E-2	2.06107315E-2	2.06856796E-2	2.07606277E-2	2.08355758E-2	2.09105239E-2	2.09854721E-2	2.10604202E-2	2.11353683E-2	2.12103164E-2	2.12852645E-2	2.13602126E-2	2.14351607E-2	2.15101089E-2	2.15850570E-2	2.16600051E-2	2.17349532E-2	2.18099013E-2	2.18848494E-2	2.19597975E-2	2.20347457E-2	2.21096938E-2	2.21846419E-2	2.22595900E-2	2.23345381E-2	2.24094862E-2	2.24844343E-2	2.25593825E-2	2.26343306E-2	2.27092787E-2	2.27842268E-2	2.28591749E-2	2.29341230E-2	2.30090712E-2	2.30840193E-2	2.31589674E-2	2.32339155E-2	2.33088636E-2	2.33838117E-2	2.34587598E-2	2.35337080E-2	2.36086561E-2	2.36836042E-2	2.37585523E-2	2.38335004E-2	2.39084485E-2	2.39833966E-2	2.40583448E-2	2.41332929E-2	2.42082410E-2	2.42831891E-2	2.43581372E-2	2.44330853E-2	2.45080334E-2	2.45829816E-2	2.46579297E-2	2.47328778E-2	2.48078259E-2	2.48827740E-2	2.49577221E-2	2.50326702E-2	2.51076184E-2	2.51825665E-2	2.52575146E-2	2.53324627E-2	2.54074108E-2	2.54823589E-2	2.55573070E-2	2.56322552E-2	2.57072033E-2	2.57821514E-2	2.58570995E-2	2.59320476E-2	2.60069957E-2	2.60819438E-2	2.61568920E-2	2.62318401E-2	2.63067882E-2	2.63817363E-2	2.64566844E-2	2.65316325E-2	2.66065806E-2	2.66815288E-2	2.67564769E-2	2.68314250E-2	2.69063731E-2	2.69813212E-2	2.70562693E-2	2.71312174E-2	2.72061656E-2	2.72811137E-2	2.73560618E-2	2.74310099E-2	2.75059580E-2	2.75809061E-2	2.76558543E-2	2.77308024E-2	2.78057505E-2	2.78806986E-2	2.79556467E-2	2.80305948E-2	2.81055429E-2	2.81804911E-2	2.82554392E-2	2.83303873E-2	2.84053354E-2	2.84802835E-2	2.85552316E-2	2.86301797E-2	2.87051279E-2	2.87800760E-2	2.88550241E-2	2.89299722E-2	2.90049203E-2	2.90798684E-2	2.91548165E-2	2.92297647E-2	2.93047128E-2	2.93796609E-2	2.94546090E-2	2.95295571E-2	2.96045052E-2	2.96794533E-2	2.97544015E-2	2.98293496E-2	2.99042977E-2	2.99792458E-2
</Val>
</String>
<U32>
<Name>dimensions</Name>
<Val>1</Val>
</U32>
<Cluster>
<Name>calibration</Name>
<NumElts>8</NumElts>
<String>
<Name>name</Name>
<Val></Val>
</String>
<EW>
<Name>calibration type</Name>
<Choice>tabulated</Choice>
<Choice>function</Choice>
<Choice>pass-through</Choice>
<Val>0</Val>
</EW>
<Array>
<Name>tabulated_x</Name>
<Dimsize>0</Dimsize>
<DBL>
<Name>Numeric</Name>
<Val></Val>
</DBL>
</Array>
<Array>
<Name>tabulated_y</Name>
<Dimsize>0</Dimsize>
<DBL>
<Name>Numeric</Name>
<Val></Val>
</DBL>
</Array>
<String>
<Name>forward_function</Name>
<Val></Val>
</String>
<String>
<Name>backward_function</Name>
<Val></Val>
</String>
<String>
<Name>source_unit_literal</Name>
<Val></Val>
</String>
<String>
<Name>target_unit_literal</Name>
<Val></Val>
</String>
</Cluster>
<String>
<Name>comment</Name>
<Val></Val>
</String>
</Cluster>
<Cluster>
<Name>parameter</Name>
<NumElts>5</NumElts>
<String>
<Name>name</Name>
<Val>time_constants</Val>
</String>
<String>
<Name>values</Name>
<Val>3.00000000E-2
</Val>
</String>
<U32>
<Name>dimensions</Name>
<Val>1</Val>
</U32>
<Cluster>
<Name>calibration</Name>
<NumElts>8</NumElts>
<String>
<Name>name</Name>
<Val></Val>
</String>
<EW>
<Name>calibration type</Name>
<Choice>tabulated</Choice>
<Choice>function</Choice>
<Choice>pass-through</Choice>
<Val>0</Val>
</EW>
<Array>
<Name>tabulated_x</Name>
<Dimsize>0</Dimsize>
<DBL>
<Name>Numeric</Name>
<Val></Val>
</DBL>
</Array>
<Array>
<Name>tabulated_y</Name>
<Dimsize>0</Dimsize>
<DBL>
<Name>Numeric</Name>
<Val></Val>
</DBL>
</Array>
<String>
<Name>forward_function</Name>
<Val></Val>
</String>
<String>
<Name>backward_function</Name>
<Val></Val>
</String>
<String>
<Name>source_unit_literal</Name>
<Val></Val>
</String>
<String>
<Name>target_unit_literal</Name>
<Val></Val>
</String>
</Cluster>
<String>
<Name>comment</Name>
<Val></Val>
</String>
</Cluster>
</Array>
<Array>
<Name>measurands</Name>
<Dimsize>6</Dimsize>
<Cluster>
<Name>measurand</Name>
<NumElts>2</NumElts>
<String>
<Name>name</Name>
<Val>lockin_ch0_x</Val>
</String>
<String>
<Name>type</Name>
<Val>double</Val>
</String>
</Cluster>
<Cluster>
<Name>measurand</Name>
<NumElts>2</NumElts>
<String>
<Name>name</Name>
<Val>lockin_ch0_y</Val>
</String>
<String>
<Name>type</Name>
<Val>double</Val>
</String>
</Cluster>
<Cluster>
<Name>measurand</Name>
<NumElts>2</NumElts>
<String>
<Name>name</Name>
<Val>lockin_ch0_xErr</Val>
</String>
<String>
<Name>type</Name>
<Val>double</Val>
</String>
</Cluster>
<Cluster>
<Name>measurand</Name>
<NumElts>2</NumElts>
<String>
<Name>name</Name>
<Val>lockin_ch0_yErr</Val>
</String>
<String>
<Name>type</Name>
<Val>double</Val>
</String>
</Cluster>
<Cluster>
<Name>measurand</Name>
<NumElts>2</NumElts>
<String>
<Name>name</Name>
<Val>lockin_ch0_frequency</Val>
</String>
<String>
<Name>type</Name>
<Val>double</Val>
</String>
</Cluster>
<Cluster>
<Name>measurand</Name>
<NumElts>2</NumElts>
<String>
<Name>name</Name>
<Val>lockin_ch0_phase</Val>
</String>
<String>
<Name>type</Name>
<Val>double</Val>
</String>
</Cluster>
</Array>
</Cluster>
<Array>
<Name>measurands</Name>
<Dimsize>6</Dimsize>
<Cluster>
<Name>measurand</Name>
<NumElts>4</NumElts>
<String>
<Name>name</Name>
<Val>lockin_ch0_x</Val>
</String>
<String>
<Name>type</Name>
<Val>double</Val>
</String>
<I32>
<Name>dimensions</Name>
<Val>2</Val>
</I32>
<String>
<Name>data</Name>
<Val>-1.39161000E-2
-1.38856000E-2
-1.38856000E-2
-1.39008000E-2
-1.39161000E-2
-1.39008000E-2
-1.38932000E-2
-1.39008000E-2
-1.39084000E-2
-1.39161000E-2
-1.38932000E-2
-1.38932000E-2
-1.39161000E-2
-1.39161000E-2
-1.39161000E-2
-1.39161000E-2
-1.39237000E-2
-1.39084000E-2
-1.38703000E-2
-1.38627000E-2
-1.38779000E-2
-1.38703000E-2
-1.38550000E-2
-1.38779000E-2
-1.38779000E-2
-1.38627000E-2
-1.38856000E-2
-1.38627000E-2
-1.38703000E-2
-1.38474000E-2
-1.35575000E-2
-1.03303000E-2
-8.69757000E-3
-9.24689000E-3
-9.49866000E-3
-9.63598000E-3
-9.71991000E-3
-9.71991000E-3
-9.77331000E-3
-9.84961000E-3
-9.84198000E-3
-9.64361000E-3
-9.34607000E-3
-6.37057000E-3
1.79521000E-2
1.29731000E-1
1.28854000E-1
1.21270000E-1
1.16768000E-1
1.14945000E-1
1.13610000E-1
1.12343000E-1
1.11451000E-1
1.10718000E-1
1.10520000E-1
1.09696000E-1
1.09169000E-1
1.08658000E-1
1.09269000E-1
1.08796000E-1
1.09070000E-1
1.08170000E-1
1.08475000E-1
1.07689000E-1
1.07438000E-1
1.07293000E-1
1.07483000E-1
1.06804000E-1
1.06690000E-1
1.06545000E-1
1.06225000E-1
1.05233000E-1
1.04622000E-1
1.04836000E-1
1.04455000E-1
1.04119000E-1
1.03585000E-1
1.03341000E-1
1.02959000E-1
1.02875000E-1
1.03272000E-1
1.03501000E-1
1.02593000E-1
1.02013000E-1
1.01365000E-1
1.00708000E-1
1.00548000E-1
1.00136000E-1
9.95946000E-2
9.93962000E-2
9.88774000E-2
9.84960000E-2
9.79543000E-2
9.78856000E-2
9.81069000E-2
9.75652000E-2
9.76949000E-2
9.72600000E-2
9.68022000E-2
9.65581000E-2
9.62987000E-2
9.56349000E-2
9.55968000E-2
9.51467000E-2
9.44066000E-2
9.44600000E-2
9.42693000E-2
9.37505000E-2
9.34758000E-2
9.32088000E-2
9.31630000E-2
9.25527000E-2
9.25527000E-2
9.23772000E-2
9.18355000E-2
9.19576000E-2
9.19499000E-2
9.13396000E-2
9.11946000E-2
9.10649000E-2
9.11794000E-2
9.04622000E-2
8.99129000E-2
8.89745000E-2
8.90889000E-2
8.91194000E-2
8.89974000E-2
8.88066000E-2
8.86846000E-2
8.80742000E-2
8.77233000E-2
8.72960000E-2
8.70442000E-2
8.69298000E-2
8.67085000E-2
8.58922000E-2
8.54344000E-2
8.57167000E-2
8.61745000E-2
8.53963000E-2
8.51750000E-2
8.45647000E-2
8.48851000E-2
8.44655000E-2
8.39543000E-2
8.39391000E-2
8.36492000E-2
8.39086000E-2
8.31609000E-2
8.28710000E-2
8.27336000E-2
8.21462000E-2
8.19936000E-2
8.18563000E-2
8.16274000E-2
8.12154000E-2
8.09636000E-2
8.03609000E-2
8.01167000E-2
7.99184000E-2
7.99870000E-2
8.00481000E-2
7.97963000E-2
7.92394000E-2
7.93767000E-2
7.91402000E-2
7.89571000E-2
7.90792000E-2
7.84764000E-2
7.79500000E-2
7.78584000E-2
7.77440000E-2
7.71794000E-2
7.70574000E-2
7.75075000E-2
7.67751000E-2
7.66912000E-2
7.64318000E-2
7.63173000E-2
7.61037000E-2
7.58824000E-2
7.51500000E-2
7.48372000E-2
7.47914000E-2
7.47838000E-2
7.46617000E-2
7.45244000E-2
7.42345000E-2
7.39675000E-2
7.35860000E-2
7.36623000E-2
7.33571000E-2
7.29604000E-2
7.28383000E-2
7.26171000E-2
7.22508000E-2
7.20448000E-2
7.17320000E-2
7.15184000E-2
7.11370000E-2
7.13429000E-2
7.08776000E-2
7.01146000E-2
6.96416000E-2
6.96111000E-2
6.98705000E-2
6.98171000E-2
6.96797000E-2
6.94966000E-2
6.92296000E-2
6.91762000E-2
6.89092000E-2
6.84972000E-2
6.82454000E-2
6.79173000E-2
6.76961000E-2
6.75969000E-2
6.74901000E-2
6.73299000E-2
6.71697000E-2
6.64372000E-2
6.64144000E-2
6.60558000E-2
6.61244000E-2
6.61778000E-2
6.62236000E-2
6.62007000E-2
6.56667000E-2
6.52242000E-2
6.51708000E-2
6.46977000E-2
6.46520000E-2
6.44231000E-2
6.43392000E-2
6.43392000E-2
6.41637000E-2
6.41637000E-2
6.36983000E-2
6.28667000E-2
6.26302000E-2
6.28285000E-2
6.26531000E-2
6.25768000E-2
6.23324000E-2
6.22103000E-2
6.16839000E-2
6.16457000E-2
6.13406000E-2
6.11193000E-2
6.09972000E-2
6.09057000E-2
6.07531000E-2
6.05471000E-2
6.05395000E-2
5.99749000E-2
5.95858000E-2
5.93188000E-2
5.92349000E-2
5.93646000E-2
5.90975000E-2
5.93264000E-2
5.90289000E-2
5.88229000E-2
5.88076000E-2
5.86474000E-2
5.84185000E-2
5.81973000E-2
5.79226000E-2
5.75869000E-2
5.71826000E-2
5.72970000E-2
5.73046000E-2
5.70910000E-2
5.65035000E-2
5.62289000E-2
5.62365000E-2
5.60763000E-2
5.57940000E-2
5.57559000E-2
5.53133000E-2
5.53591000E-2
5.52752000E-2
5.52065000E-2
5.51379000E-2
5.48098000E-2
5.44894000E-2
5.45733000E-2
5.43444000E-2
5.41766000E-2
5.40774000E-2
5.39553000E-2
5.39248000E-2
5.37646000E-2
5.32839000E-2
5.31313000E-2
5.30016000E-2
5.28796000E-2
5.27117000E-2
5.23913000E-2
5.18267000E-2
5.17809000E-2
5.17809000E-2
5.15902000E-2
5.15368000E-2
5.15902000E-2
5.14300000E-2
5.12393000E-2
5.09646000E-2
5.06976000E-2
5.04458000E-2
5.02779000E-2
5.01864000E-2
5.02169000E-2
5.00185000E-2
4.98202000E-2
4.95913000E-2
4.96752000E-2
4.94158000E-2
4.92785000E-2
4.92251000E-2
4.88513000E-2
4.85919000E-2
4.84316000E-2
4.84774000E-2
4.82485000E-2
4.81951000E-2
4.81493000E-2
4.79434000E-2
4.77679000E-2
4.75924000E-2
4.73711000E-2
4.71804000E-2
4.71957000E-2
4.71041000E-2
4.68371000E-2
4.66692000E-2
4.64404000E-2
4.64633000E-2
4.62573000E-2
4.58910000E-2
4.58376000E-2
</Val>
</String>
</Cluster>
<Cluster>
<Name>measurand</Name>
<NumElts>4</NumElts>
<String>
<Name>name</Name>
<Val>lockin_ch0_y</Val>
</String>
<String>
<Name>type</Name>
<Val>double</Val>
</String>
<I32>
<Name>dimensions</Name>
<Val>2</Val>
</I32>
<String>
<Name>data</Name>
<Val>1.97603000E-3
1.97603000E-3
1.97603000E-3
1.96840000E-3
1.97603000E-3
1.97603000E-3
1.97603000E-3
1.97603000E-3
1.96840000E-3
1.96840000E-3
1.96840000E-3
1.96840000E-3
1.96077000E-3
1.96840000E-3
1.96840000E-3
1.96840000E-3
1.96840000E-3
1.96840000E-3
1.96077000E-3
1.96077000E-3
1.96840000E-3
1.96840000E-3
1.96840000E-3
1.96840000E-3
1.96077000E-3
1.97603000E-3
1.95314000E-3
1.96077000E-3
1.96077000E-3
1.95314000E-3
1.93787000E-3
1.76240000E-3
1.64033000E-3
1.68610000E-3
1.68610000E-3
1.69373000E-3
1.69373000E-3
1.69373000E-3
1.69373000E-3
1.69373000E-3
1.69373000E-3
1.69373000E-3
1.69373000E-3
1.67084000E-3
1.21308000E-3
-2.44142000E-4
6.10356000E-5
1.83106000E-4
2.59401000E-4
2.44142000E-4
2.51772000E-4
3.05178000E-4
3.12807000E-4
3.58583000E-4
3.28066000E-4
3.50954000E-4
3.96730000E-4
3.81472000E-4
4.65395000E-4
5.72208000E-4
4.73024000E-4
5.18803000E-4
4.95914000E-4
5.03544000E-4
5.26432000E-4
5.26432000E-4
4.80654000E-4
5.11173000E-4
4.95914000E-4
5.26432000E-4
4.95914000E-4
5.34061000E-4
5.34061000E-4
5.41691000E-4
5.26432000E-4
5.56950000E-4
5.64579000E-4
5.72208000E-4
5.87467000E-4
5.79838000E-4
5.26432000E-4
5.26432000E-4
5.34061000E-4
5.87467000E-4
5.87467000E-4
6.33243000E-4
5.95096000E-4
6.17985000E-4
6.48502000E-4
6.71390000E-4
6.79020000E-4
6.63761000E-4
6.33243000E-4
6.56132000E-4
6.48502000E-4
6.79020000E-4
6.33243000E-4
6.79020000E-4
6.71390000E-4
6.79020000E-4
6.71390000E-4
7.01908000E-4
6.86649000E-4
7.24796000E-4
7.24796000E-4
6.86649000E-4
7.01908000E-4
7.70573000E-4
7.40055000E-4
7.78202000E-4
7.70573000E-4
7.85831000E-4
7.32426000E-4
7.40055000E-4
7.70573000E-4
7.32426000E-4
7.62943000E-4
7.78202000E-4
7.47684000E-4
7.40055000E-4
7.32426000E-4
7.85831000E-4
7.70573000E-4
7.85831000E-4
7.70573000E-4
7.70573000E-4
7.78202000E-4
7.85831000E-4
7.85831000E-4
8.16349000E-4
7.93461000E-4
7.85831000E-4
8.16349000E-4
7.85831000E-4
8.31608000E-4
8.62125000E-4
9.07902000E-4
8.77384000E-4
8.54496000E-4
8.62125000E-4
8.77384000E-4
8.77384000E-4
8.54496000E-4
8.77384000E-4
8.69755000E-4
8.77384000E-4
8.85013000E-4
8.54496000E-4
8.62125000E-4
8.92643000E-4
8.92643000E-4
9.07902000E-4
8.92643000E-4
9.00272000E-4
9.23160000E-4
9.15531000E-4
9.07902000E-4
9.15531000E-4
9.15531000E-4
9.23160000E-4
9.23160000E-4
9.23160000E-4
9.53678000E-4
9.68937000E-4
9.46049000E-4
9.23160000E-4
9.61307000E-4
9.68937000E-4
9.76570000E-4
9.76570000E-4
9.53678000E-4
9.76570000E-4
9.84199000E-4
9.91829000E-4
9.61307000E-4
9.84199000E-4
9.91829000E-4
9.99458000E-4
9.99458000E-4
9.84199000E-4
9.99458000E-4
1.01472000E-3
1.00709000E-3
9.99458000E-4
9.91829000E-4
9.84199000E-4
9.84199000E-4
1.00709000E-3
1.02998000E-3
1.05286000E-3
1.03761000E-3
1.03761000E-3
1.04523000E-3
1.04523000E-3
1.03761000E-3
1.05286000E-3
1.04523000E-3
1.04523000E-3
1.03761000E-3
1.07575000E-3
1.05286000E-3
1.06812000E-3
1.08338000E-3
1.09101000E-3
1.12916000E-3
1.08338000E-3
1.06049000E-3
1.10627000E-3
1.10627000E-3
1.10627000E-3
1.09864000E-3
1.09101000E-3
1.09864000E-3
1.09864000E-3
1.09864000E-3
1.13679000E-3
1.10627000E-3
1.14442000E-3
1.12153000E-3
1.14442000E-3
1.13679000E-3
1.13679000E-3
1.15205000E-3
1.12916000E-3
1.10627000E-3
1.12916000E-3
1.13679000E-3
1.13679000E-3
1.12916000E-3
1.14442000E-3
1.15205000E-3
1.14442000E-3
1.18256000E-3
1.15968000E-3
1.15968000E-3
1.15968000E-3
1.14442000E-3
1.17493000E-3
1.20545000E-3
1.22834000E-3
1.17493000E-3
1.20545000E-3
1.18256000E-3
1.19019000E-3
1.16730000E-3
1.20545000E-3
1.19019000E-3
1.22071000E-3
1.22071000E-3
1.22071000E-3
1.21308000E-3
1.21308000E-3
1.22071000E-3
1.22071000E-3
1.22834000E-3
1.23597000E-3
1.22071000E-3
1.21308000E-3
1.23597000E-3
1.22071000E-3
1.21308000E-3
1.23597000E-3
1.21308000E-3
1.22071000E-3
1.22071000E-3
1.21308000E-3
1.22834000E-3
1.25123000E-3
1.25886000E-3
1.30463000E-3
1.27412000E-3
1.25886000E-3
1.25886000E-3
1.30463000E-3
1.29700000E-3
1.27412000E-3
1.28938000E-3
1.26649000E-3
1.26649000E-3
1.28938000E-3
1.28175000E-3
1.31226000E-3
1.28175000E-3
1.27412000E-3
1.28938000E-3
1.29700000E-3
1.29700000E-3
1.30463000E-3
1.28175000E-3
1.31226000E-3
1.31226000E-3
1.29700000E-3
1.30463000E-3
1.31226000E-3
1.32752000E-3
1.31989000E-3
1.31226000E-3
1.30463000E-3
1.31226000E-3
1.35041000E-3
1.33515000E-3
1.32752000E-3
1.31989000E-3
1.33515000E-3
1.32752000E-3
1.32752000E-3
1.32752000E-3
1.34278000E-3
1.33515000E-3
1.36567000E-3
1.36567000E-3
1.35804000E-3
1.34278000E-3
1.36567000E-3
1.34278000E-3
1.34278000E-3
1.35041000E-3
1.35804000E-3
1.35041000E-3
1.35041000E-3
1.36567000E-3
1.38093000E-3
1.36567000E-3
1.37330000E-3
1.36567000E-3
1.38093000E-3
1.36567000E-3
1.37330000E-3
1.38093000E-3
1.38856000E-3
1.38093000E-3
1.37330000E-3
1.36567000E-3
1.35041000E-3
1.38856000E-3
1.39619000E-3
1.41145000E-3
1.40382000E-3
1.41145000E-3
1.40382000E-3
1.39619000E-3
</Val>
</String>
</Cluster>
<Cluster>
<Name>measurand</Name>
<NumElts>4</NumElts>
<String>
<Name>name</Name>
<Val>lockin_ch0_xErr</Val>
</String>
<String>
<Name>type</Name>
<Val>double</Val>
</String>
<I32>
<Name>dimensions</Name>
<Val>2</Val>
</I32>
<String>
<Name>data</Name>
<Val></Val>
</String>
</Cluster>
<Cluster>
<Name>measurand</Name>
<NumElts>4</NumElts>
<String>
<Name>name</Name>
<Val>lockin_ch0_yErr</Val>
</String>
<String>
<Name>type</Name>
<Val>double</Val>
</String>
<I32>
<Name>dimensions</Name>
<Val>2</Val>
</I32>
<String>
<Name>data</Name>
<Val></Val>
</String>
</Cluster>
<Cluster>
<Name>measurand</Name>
<NumElts>4</NumElts>
<String>
<Name>name</Name>
<Val>lockin_ch0_frequency</Val>
</String>
<String>
<Name>type</Name>
<Val>double</Val>
</String>
<I32>
<Name>dimensions</Name>
<Val>2</Val>
</I32>
<String>
<Name>data</Name>
<Val></Val>
</String>
</Cluster>
<Cluster>
<Name>measurand</Name>
<NumElts>4</NumElts>
<String>
<Name>name</Name>
<Val>lockin_ch0_phase</Val>
</String>
<String>
<Name>type</Name>
<Val>double</Val>
</String>
<I32>
<Name>dimensions</Name>
<Val>2</Val>
</I32>
<String>
<Name>data</Name>
<Val></Val>
</String>
</Cluster>
</Array>
</LVData>