<?xml version='1.0' standalone='yes' ?>
<LVData xmlns="http://www.ni.com/LVData">
<Version>14.0.1</Version>
<Cluster>
<Name>header_text</Name>
<NumElts>5</NumElts>
<String>
<Name>parameters</Name>
<Val></Val>
</String>
<String>
<Name>comment</Name>
<Val>test</Val>
</String>
<Timestamp>
<Name>date</Name>
<Cluster>
<Name></Name>
<NumElts>4</NumElts>
<I32>
<Name></Name>
<Val>0</Val>
</I32>
<I32>
<Name></Name>
<Val>0</Val>
</I32>
<I32>
<Name></Name>
<Val>0</Val>
</I32>
<I32>
<Name></Name>
<Val>0</Val>
</I32>
</Cluster>
</Timestamp>
<Array>
<Name>variables</Name>
<Dimsize>3</Dimsize>
<Cluster>
<Name>parameter</Name>
<NumElts>5</NumElts>
<String>
<Name>name</Name>
<Val>motion_dev_pos</Val>
</String>
<String>
<Name>values</Name>
<Val>5.10000000E+1	5.10050000E+1	5.10100000E+1	5.10150000E+1	5.10200000E+1	5.10250000E+1	5.10300000E+1	5.10350000E+1	5.10400000E+1	5.10450000E+1	5.10500000E+1	5.10550000E+1	5.10600000E+1	5.10650000E+1	5.10700000E+1	5.10750000E+1	5.10800000E+1	5.10850000E+1	5.10900000E+1	5.10950000E+1	5.11000000E+1	5.11050000E+1	5.11100000E+1	5.11150000E+1	5.11200000E+1	5.11250000E+1	5.11300000E+1	5.11350000E+1	5.11400000E+1	5.11450000E+1	5.11500000E+1	5.11550000E+1	5.11600000E+1	5.11650000E+1	5.11700000E+1	5.11750000E+1	5.11800000E+1	5.11850000E+1	5.11900000E+1	5.11950000E+1	5.12000000E+1	5.12050000E+1	5.12100000E+1	5.12150000E+1	5.12200000E+1	5.12250000E+1	5.12300000E+1	5.12350000E+1	5.12400000E+1	5.12450000E+1	5.12500000E+1	5.12550000E+1	5.12600000E+1	5.12650000E+1	5.12700000E+1	5.12750000E+1	5.12800000E+1	5.12850000E+1	5.12900000E+1	5.12950000E+1	5.13000000E+1	5.13050000E+1	5.13100000E+1	5.13150000E+1	5.13200000E+1	5.13250000E+1	5.13300000E+1	5.13350000E+1	5.13400000E+1	5.13450000E+1	5.13500000E+1	5.13550000E+1	5.13600000E+1	5.13650000E+1	5.13700000E+1	5.13750000E+1	5.13800000E+1	5.13850000E+1	5.13900000E+1	5.13950000E+1	5.14000000E+1	5.14050000E+1	5.14100000E+1	5.14150000E+1	5.14200000E+1	5.14250000E+1	5.14300000E+1	5.14350000E+1	5.14400000E+1	5.14450000E+1	5.14500000E+1	5.14550000E+1	5.14600000E+1	5.14650000E+1	5.14700000E+1	5.14750000E+1	5.14800000E+1	5.14850000E+1	5.14900000E+1	5.14950000E+1	5.15000000E+1	5.15050000E+1	5.15100000E+1	5.15150000E+1	5.15200000E+1	5.15250000E+1	5.15300000E+1	5.15350000E+1	5.15400000E+1	5.15450000E+1	5.15500000E+1	5.15550000E+1	5.15600000E+1	5.15650000E+1	5.15700000E+1	5.15750000E+1	5.15800000E+1	5.15850000E+1	5.15900000E+1	5.15950000E+1	5.16000000E+1	5.16050000E+1	5.16100000E+1	5.16150000E+1	5.16200000E+1	5.16250000E+1	5.16300000E+1	5.16350000E+1	5.16400000E+1	5.16450000E+1	5.16500000E+1	5.16550000E+1	5.16600000E+1	5.16650000E+1	5.16700000E+1	5.16750000E+1	5.16800000E+1	5.16850000E+1	5.16900000E+1	5.16950000E+1	5.17000000E+1	5.17050000E+1	5.17100000E+1	5.17150000E+1	5.17200000E+1	5.17250000E+1	5.17300000E+1	5.17350000E+1	5.17400000E+1	5.17450000E+1	5.17500000E+1	5.17550000E+1	5.17600000E+1	5.17650000E+1	5.17700000E+1	5.17750000E+1	5.17800000E+1	5.17850000E+1	5.17900000E+1	5.17950000E+1	5.18000000E+1	5.18050000E+1	5.18100000E+1	5.18150000E+1	5.18200000E+1	5.18250000E+1	5.18300000E+1	5.18350000E+1	5.18400000E+1	5.18450000E+1	5.18500000E+1	5.18550000E+1	5.18600000E+1	5.18650000E+1	5.18700000E+1	5.18750000E+1	5.18800000E+1	5.18850000E+1	5.18900000E+1	5.18950000E+1	5.19000000E+1	5.19050000E+1	5.19100000E+1	5.19150000E+1	5.19200000E+1	5.19250000E+1	5.19300000E+1	5.19350000E+1	5.19400000E+1	5.19450000E+1	5.19500000E+1	5.19550000E+1	5.19600000E+1	5.19650000E+1	5.19700000E+1	5.19750000E+1	5.19800000E+1	5.19850000E+1	5.19900000E+1	5.19950000E+1	5.20000000E+1	5.20050000E+1	5.20100000E+1	5.20150000E+1	5.20200000E+1	5.20250000E+1	5.20300000E+1	5.20350000E+1	5.20400000E+1	5.20450000E+1	5.20500000E+1	5.20550000E+1	5.20600000E+1	5.20650000E+1	5.20700000E+1	5.20750000E+1	5.20800000E+1	5.20850000E+1	5.20900000E+1	5.20950000E+1	5.21000000E+1	5.21050000E+1	5.21100000E+1	5.21150000E+1	5.21200000E+1	5.21250000E+1	5.21300000E+1	5.21350000E+1	5.21400000E+1	5.21450000E+1	5.21500000E+1	5.21550000E+1	5.21600000E+1	5.21650000E+1	5.21700000E+1	5.21750000E+1	5.21800000E+1	5.21850000E+1	5.21900000E+1	5.21950000E+1	5.22000000E+1	5.22050000E+1	5.22100000E+1	5.22150000E+1	5.22200000E+1	5.22250000E+1	5.22300000E+1	5.22350000E+1	5.22400000E+1	5.22450000E+1	5.22500000E+1	5.22550000E+1	5.22600000E+1	5.22650000E+1	5.22700000E+1	5.22750000E+1	5.22800000E+1	5.22850000E+1	5.22900000E+1	5.22950000E+1	5.23000000E+1	5.23050000E+1	5.23100000E+1	5.23150000E+1	5.23200000E+1	5.23250000E+1	5.23300000E+1	5.23350000E+1	5.23400000E+1	5.23450000E+1	5.23500000E+1	5.23550000E+1	5.23600000E+1	5.23650000E+1	5.23700000E+1	5.23750000E+1	5.23800000E+1	5.23850000E+1	5.23900000E+1	5.23950000E+1	5.24000000E+1	5.24050000E+1	5.24100000E+1	5.24150000E+1	5.24200000E+1	5.24250000E+1	5.24300000E+1	5.24350000E+1	5.24400000E+1	5.24450000E+1	5.24500000E+1	5.24550000E+1	5.24600000E+1	5.24650000E+1	5.24700000E+1	5.24750000E+1	5.24800000E+1	5.24850000E+1	5.24900000E+1	5.24950000E+1	5.25000000E+1	5.25050000E+1	5.25100000E+1	5.25150000E+1	5.25200000E+1	5.25250000E+1	5.25300000E+1	5.25350000E+1	5.25400000E+1	5.25450000E+1	5.25500000E+1	5.25550000E+1	5.25600000E+1	5.25650000E+1	5.25700000E+1	5.25750000E+1	5.25800000E+1	5.25850000E+1	5.25900000E+1	5.25950000E+1	5.26000000E+1	5.26050000E+1	5.26100000E+1	5.26150000E+1	5.26200000E+1	5.26250000E+1	5.26300000E+1	5.26350000E+1	5.26400000E+1	5.26450000E+1	5.26500000E+1	5.26550000E+1	5.26600000E+1	5.26650000E+1	5.26700000E+1	5.26750000E+1	5.26800000E+1	5.26850000E+1	5.26900000E+1	5.26950000E+1	5.27000000E+1	5.27050000E+1	5.27100000E+1	5.27150000E+1	5.27200000E+1	5.27250000E+1	5.27300000E+1	5.27350000E+1	5.27400000E+1	5.27450000E+1	5.27500000E+1	5.27550000E+1	5.27600000E+1	5.27650000E+1	5.27700000E+1	5.27750000E+1	5.27800000E+1	5.27850000E+1	5.27900000E+1	5.27950000E+1	5.28000000E+1	5.28050000E+1	5.28100000E+1	5.28150000E+1	5.28200000E+1	5.28250000E+1	5.28300000E+1	5.28350000E+1	5.28400000E+1	5.28450000E+1	5.28500000E+1	5.28550000E+1	5.28600000E+1	5.28650000E+1	5.28700000E+1	5.28750000E+1	5.28800000E+1	5.28850000E+1	5.28900000E+1	5.28950000E+1	5.29000000E+1	5.29050000E+1	5.29100000E+1	5.29150000E+1	5.29200000E+1	5.29250000E+1	5.29300000E+1	5.29350000E+1	5.29400000E+1	5.29450000E+1	5.29500000E+1	5.29550000E+1	5.29600000E+1	5.29650000E+1	5.29700000E+1	5.29750000E+1	5.29800000E+1	5.29850000E+1	5.29900000E+1	5.29950000E+1	5.30000000E+1	5.30050000E+1	5.30100000E+1	5.30150000E+1	5.30200000E+1	5.30250000E+1	5.30300000E+1	5.30350000E+1	5.30400000E+1	5.30450000E+1	5.30500000E+1	5.30550000E+1	5.30600000E+1	5.30650000E+1	5.30700000E+1	5.30750000E+1	5.30800000E+1	5.30850000E+1	5.30900000E+1	5.30950000E+1	5.31000000E+1	5.31050000E+1	5.31100000E+1	5.31150000E+1	5.31200000E+1	5.31250000E+1	5.31300000E+1	5.31350000E+1	5.31400000E+1	5.31450000E+1	5.31500000E+1	5.31550000E+1	5.31600000E+1	5.31650000E+1	5.31700000E+1	5.31750000E+1	5.31800000E+1	5.31850000E+1	5.31900000E+1	5.31950000E+1	5.32000000E+1	5.32050000E+1	5.32100000E+1	5.32150000E+1	5.32200000E+1	5.32250000E+1	5.32300000E+1	5.32350000E+1	5.32400000E+1	5.32450000E+1	5.32500000E+1	5.32550000E+1	5.32600000E+1	5.32650000E+1	5.32700000E+1	5.32750000E+1	5.32800000E+1	5.32850000E+1	5.32900000E+1	5.32950000E+1	5.33000000E+1	5.33050000E+1	5.33100000E+1	5.33150000E+1	5.33200000E+1	5.33250000E+1	5.33300000E+1	5.33350000E+1	5.33400000E+1	5.33450000E+1	5.33500000E+1	5.33550000E+1	5.33600000E+1	5.33650000E+1	5.33700000E+1	5.33750000E+1	5.33800000E+1	5.33850000E+1	5.33900000E+1	5.33950000E+1	5.34000000E+1	5.34050000E+1	5.34100000E+1	5.34150000E+1	5.34200000E+1	5.34250000E+1	5.34300000E+1	5.34350000E+1	5.34400000E+1	5.34450000E+1	5.34500000E+1	5.34550000E+1	5.34600000E+1	5.34650000E+1	5.34700000E+1	5.34750000E+1	5.34800000E+1	5.34850000E+1	5.34900000E+1	5.34950000E+1	5.35000000E+1	5.35050000E+1	5.35100000E+1	5.35150000E+1	5.35200000E+1	5.35250000E+1	5.35300000E+1	5.35350000E+1	5.35400000E+1	5.35450000E+1	5.35500000E+1	5.35550000E+1	5.35600000E+1	5.35650000E+1	5.35700000E+1	5.35750000E+1	5.35800000E+1	5.35850000E+1	5.35900000E+1	5.35950000E+1	5.36000000E+1	5.36050000E+1	5.36100000E+1	5.36150000E+1	5.36200000E+1	5.36250000E+1	5.36300000E+1	5.36350000E+1	5.36400000E+1	5.36450000E+1	5.36500000E+1	5.36550000E+1	5.36600000E+1	5.36650000E+1	5.36700000E+1	5.36750000E+1	5.36800000E+1	5.36850000E+1	5.36900000E+1	5.36950000E+1	5.37000000E+1	5.37050000E+1	5.37100000E+1	5.37150000E+1	5.37200000E+1	5.37250000E+1	5.37300000E+1	5.37350000E+1	5.37400000E+1	5.37450000E+1	5.37500000E+1	5.37550000E+1	5.37600000E+1	5.37650000E+1	5.37700000E+1	5.37750000E+1	5.37800000E+1	5.37850000E+1	5.37900000E+1	5.37950000E+1	5.38000000E+1	5.38050000E+1	5.38100000E+1	5.38150000E+1	5.38200000E+1	5.38250000E+1	5.38300000E+1	5.38350000E+1	5.38400000E+1	5.38450000E+1	5.38500000E+1	5.38550000E+1	5.38600000E+1	5.38650000E+1	5.38700000E+1	5.38750000E+1	5.38800000E+1	5.38850000E+1	5.38900000E+1	5.38950000E+1	5.39000000E+1	5.39050000E+1	5.39100000E+1	5.39150000E+1	5.39200000E+1	5.39250000E+1	5.39300000E+1	5.39350000E+1	5.39400000E+1	5.39450000E+1	5.39500000E+1	5.39550000E+1	5.39600000E+1	5.39650000E+1	5.39700000E+1	5.39750000E+1	5.39800000E+1	5.39850000E+1	5.39900000E+1	5.39950000E+1	5.40000000E+1
</Val>
</String>
<U32>
<Name>dimensions</Name>
<Val>1</Val>
</U32>
<Cluster>
<Name>calibration</Name>
<NumElts>8</NumElts>
<String>
<Name>name</Name>
<Val></Val>
</String>
<EW>
<Name>calibration type</Name>
<Choice>tabulated</Choice>
<Choice>function</Choice>
<Choice>pass-through</Choice>
<Val>0</Val>
</EW>
<Array>
<Name>tabulated_x</Name>
<Dimsize>0</Dimsize>
<DBL>
<Name>Numeric</Name>
<Val></Val>
</DBL>
</Array>
<Array>
<Name>tabulated_y</Name>
<Dimsize>0</Dimsize>
<DBL>
<Name>Numeric</Name>
<Val></Val>
</DBL>
</Array>
<String>
<Name>forward_function</Name>
<Val></Val>
</String>
<String>
<Name>backward_function</Name>
<Val></Val>
</String>
<String>
<Name>source_unit_literal</Name>
<Val></Val>
</String>
<String>
<Name>target_unit_literal</Name>
<Val></Val>
</String>
</Cluster>
<String>
<Name>comment</Name>
<Val></Val>
</String>
</Cluster>
<Cluster>
<Name>parameter</Name>
<NumElts>5</NumElts>
<String>
<Name>name</Name>
<Val>motion_dev_pos_raw</Val>
</String>
<String>
<Name>values</Name>
<Val>7.64470768E-3	7.64545716E-3	7.64620664E-3	7.64695612E-3	7.64770560E-3	7.64845508E-3	7.64920457E-3	7.64995405E-3	7.65070353E-3	7.65145301E-3	7.65220249E-3	7.65295197E-3	7.65370145E-3	7.65445093E-3	7.65520042E-3	7.65594990E-3	7.65669938E-3	7.65744886E-3	7.65819834E-3	7.65894782E-3	7.65969730E-3	7.66044678E-3	7.66119626E-3	7.66194575E-3	7.66269523E-3	7.66344471E-3	7.66419419E-3	7.66494367E-3	7.66569315E-3	7.66644263E-3	7.66719211E-3	7.66794159E-3	7.66869108E-3	7.66944056E-3	7.67019004E-3	7.67093952E-3	7.67168900E-3	7.67243848E-3	7.67318796E-3	7.67393744E-3	7.67468692E-3	7.67543641E-3	7.67618589E-3	7.67693537E-3	7.67768485E-3	7.67843433E-3	7.67918381E-3	7.67993329E-3	7.68068277E-3	7.68143226E-3	7.68218174E-3	7.68293122E-3	7.68368070E-3	7.68443018E-3	7.68517966E-3	7.68592914E-3	7.68667862E-3	7.68742810E-3	7.68817759E-3	7.68892707E-3	7.68967655E-3	7.69042603E-3	7.69117551E-3	7.69192499E-3	7.69267447E-3	7.69342395E-3	7.69417343E-3	7.69492292E-3	7.69567240E-3	7.69642188E-3	7.69717136E-3	7.69792084E-3	7.69867032E-3	7.69941980E-3	7.70016928E-3	7.70091876E-3	7.70166825E-3	7.70241773E-3	7.70316721E-3	7.70391669E-3	7.70466617E-3	7.70541565E-3	7.70616513E-3	7.70691461E-3	7.70766410E-3	7.70841358E-3	7.70916306E-3	7.70991254E-3	7.71066202E-3	7.71141150E-3	7.71216098E-3	7.71291046E-3	7.71365994E-3	7.71440943E-3	7.71515891E-3	7.71590839E-3	7.71665787E-3	7.71740735E-3	7.71815683E-3	7.71890631E-3	7.71965579E-3	7.72040527E-3	7.72115476E-3	7.72190424E-3	7.72265372E-3	7.72340320E-3	7.72415268E-3	7.72490216E-3	7.72565164E-3	7.72640112E-3	7.72715060E-3	7.72790009E-3	7.72864957E-3	7.72939905E-3	7.73014853E-3	7.73089801E-3	7.73164749E-3	7.73239697E-3	7.73314645E-3	7.73389594E-3	7.73464542E-3	7.73539490E-3	7.73614438E-3	7.73689386E-3	7.73764334E-3	7.73839282E-3	7.73914230E-3	7.73989178E-3	7.74064127E-3	7.74139075E-3	7.74214023E-3	7.74288971E-3	7.74363919E-3	7.74438867E-3	7.74513815E-3	7.74588763E-3	7.74663711E-3	7.74738660E-3	7.74813608E-3	7.74888556E-3	7.74963504E-3	7.75038452E-3	7.75113400E-3	7.75188348E-3	7.75263296E-3	7.75338245E-3	7.75413193E-3	7.75488141E-3	7.75563089E-3	7.75638037E-3	7.75712985E-3	7.75787933E-3	7.75862881E-3	7.75937829E-3	7.76012778E-3	7.76087726E-3	7.76162674E-3	7.76237622E-3	7.76312570E-3	7.76387518E-3	7.76462466E-3	7.76537414E-3	7.76612362E-3	7.76687311E-3	7.76762259E-3	7.76837207E-3	7.76912155E-3	7.76987103E-3	7.77062051E-3	7.77136999E-3	7.77211947E-3	7.77286895E-3	7.77361844E-3	7.77436792E-3	7.77511740E-3	7.77586688E-3	7.77661636E-3	7.77736584E-3	7.77811532E-3	7.77886480E-3	7.77961429E-3	7.78036377E-3	7.78111325E-3	7.78186273E-3	7.78261221E-3	7.78336169E-3	7.78411117E-3	7.78486065E-3	7.78561013E-3	7.78635962E-3	7.78710910E-3	7.78785858E-3	7.78860806E-3	7.78935754E-3	7.79010702E-3	7.79085650E-3	7.79160598E-3	7.79235546E-3	7.79310495E-3	7.79385443E-3	7.79460391E-3	7.79535339E-3	7.79610287E-3	7.79685235E-3	7.79760183E-3	7.79835131E-3	7.79910079E-3	7.79985028E-3	7.80059976E-3	7.80134924E-3	7.80209872E-3	7.80284820E-3	7.80359768E-3	7.80434716E-3	7.80509664E-3	7.80584613E-3	7.80659561E-3	7.80734509E-3	7.80809457E-3	7.80884405E-3	7.80959353E-3	7.81034301E-3	7.81109249E-3	7.81184197E-3	7.81259146E-3	7.81334094E-3	7.81409042E-3	7.81483990E-3	7.81558938E-3	7.81633886E-3	7.81708834E-3	7.81783782E-3	7.81858730E-3	7.81933679E-3	7.82008627E-3	7.82083575E-3	7.82158523E-3	7.82233471E-3	7.82308419E-3	7.82383367E-3	7.82458315E-3	7.82533263E-3	7.82608212E-3	7.82683160E-3	7.82758108E-3	7.82833056E-3	7.82908004E-3	7.82982952E-3	7.83057900E-3	7.83132848E-3	7.83207797E-3	7.83282745E-3	7.83357693E-3	7.83432641E-3	7.83507589E-3	7.83582537E-3	7.83657485E-3	7.83732433E-3	7.83807381E-3	7.83882330E-3	7.83957278E-3	7.84032226E-3	7.84107174E-3	7.84182122E-3	7.84257070E-3	7.84332018E-3	7.84406966E-3	7.84481914E-3	7.84556863E-3	7.84631811E-3	7.84706759E-3	7.84781707E-3	7.84856655E-3	7.84931603E-3	7.85006551E-3	7.85081499E-3	7.85156448E-3	7.85231396E-3	7.85306344E-3	7.85381292E-3	7.85456240E-3	7.85531188E-3	7.85606136E-3	7.85681084E-3	7.85756032E-3	7.85830981E-3	7.85905929E-3	7.85980877E-3	7.86055825E-3	7.86130773E-3	7.86205721E-3	7.86280669E-3	7.86355617E-3	7.86430565E-3	7.86505514E-3	7.86580462E-3	7.86655410E-3	7.86730358E-3	7.86805306E-3	7.86880254E-3	7.86955202E-3	7.87030150E-3	7.87105098E-3	7.87180047E-3	7.87254995E-3	7.87329943E-3	7.87404891E-3	7.87479839E-3	7.87554787E-3	7.87629735E-3	7.87704683E-3	7.87779632E-3	7.87854580E-3	7.87929528E-3	7.88004476E-3	7.88079424E-3	7.88154372E-3	7.88229320E-3	7.88304268E-3	7.88379216E-3	7.88454165E-3	7.88529113E-3	7.88604061E-3	7.88679009E-3	7.88753957E-3	7.88828905E-3	7.88903853E-3	7.88978801E-3	7.89053749E-3	7.89128698E-3	7.89203646E-3	7.89278594E-3	7.89353542E-3	7.89428490E-3	7.89503438E-3	7.89578386E-3	7.89653334E-3	7.89728282E-3	7.89803231E-3	7.89878179E-3	7.89953127E-3	7.90028075E-3	7.90103023E-3	7.90177971E-3	7.90252919E-3	7.90327867E-3	7.90402816E-3	7.90477764E-3	7.90552712E-3	7.90627660E-3	7.90702608E-3	7.90777556E-3	7.90852504E-3	7.90927452E-3	7.91002400E-3	7.91077349E-3	7.91152297E-3	7.91227245E-3	7.91302193E-3	7.91377141E-3	7.91452089E-3	7.91527037E-3	7.91601985E-3	7.91676933E-3	7.91751882E-3	7.91826830E-3	7.91901778E-3	7.91976726E-3	7.92051674E-3	7.92126622E-3	7.92201570E-3	7.92276518E-3	7.92351466E-3	7.92426415E-3	7.92501363E-3	7.92576311E-3	7.92651259E-3	7.92726207E-3	7.92801155E-3	7.92876103E-3	7.92951051E-3	7.93026000E-3	7.93100948E-3	7.93175896E-3	7.93250844E-3	7.93325792E-3	7.93400740E-3	7.93475688E-3	7.93550636E-3	7.93625584E-3	7.93700533E-3	7.93775481E-3	7.93850429E-3	7.93925377E-3	7.94000325E-3	7.94075273E-3	7.94150221E-3	7.94225169E-3	7.94300117E-3	7.94375066E-3	7.94450014E-3	7.94524962E-3	7.94599910E-3	7.94674858E-3	7.94749806E-3	7.94824754E-3	7.94899702E-3	7.94974651E-3	7.95049599E-3	7.95124547E-3	7.95199495E-3	7.95274443E-3	7.95349391E-3	7.95424339E-3	7.95499287E-3	7.95574235E-3	7.95649184E-3	7.95724132E-3	7.95799080E-3	7.95874028E-3	7.95948976E-3	7.96023924E-3	7.96098872E-3	7.96173820E-3	7.96248768E-3	7.96323717E-3	7.96398665E-3	7.96473613E-3	7.96548561E-3	7.96623509E-3	7.96698457E-3	7.96773405E-3	7.96848353E-3	7.96923301E-3	7.96998250E-3	7.97073198E-3	7.97148146E-3	7.97223094E-3	7.97298042E-3	7.97372990E-3	7.97447938E-3	7.97522886E-3	7.97597835E-3	7.97672783E-3	7.97747731E-3	7.97822679E-3	7.97897627E-3	7.97972575E-3	7.98047523E-3	7.98122471E-3	7.98197419E-3	7.98272368E-3	7.98347316E-3	7.98422264E-3	7.98497212E-3	7.98572160E-3	7.98647108E-3	7.98722056E-3	7.98797004E-3	7.98871952E-3	7.98946901E-3	7.99021849E-3	7.99096797E-3	7.99171745E-3	7.99246693E-3	7.99321641E-3	7.99396589E-3	7.99471537E-3	7.99546485E-3	7.99621434E-3	7.99696382E-3	7.99771330E-3	7.99846278E-3	7.99921226E-3	7.99996174E-3	8.00071122E-3	8.00146070E-3	8.00221019E-3	8.00295967E-3	8.00370915E-3	8.00445863E-3	8.00520811E-3	8.00595759E-3	8.00670707E-3	8.00745655E-3	8.00820603E-3	8.00895552E-3	8.00970500E-3	8.01045448E-3	8.01120396E-3	8.01195344E-3	8.01270292E-3	8.01345240E-3	8.01420188E-3	8.01495136E-3	8.01570085E-3	8.01645033E-3	8.01719981E-3	8.01794929E-3	8.01869877E-3	8.01944825E-3	8.02019773E-3	8.02094721E-3	8.02169669E-3	8.02244618E-3	8.02319566E-3	8.02394514E-3	8.02469462E-3	8.02544410E-3	8.02619358E-3	8.02694306E-3	8.02769254E-3	8.02844203E-3	8.02919151E-3	8.02994099E-3	8.03069047E-3	8.03143995E-3	8.03218943E-3	8.03293891E-3	8.03368839E-3	8.03443787E-3	8.03518736E-3	8.03593684E-3	8.03668632E-3	8.03743580E-3	8.03818528E-3	8.03893476E-3	8.03968424E-3	8.04043372E-3	8.04118320E-3	8.04193269E-3	8.04268217E-3	8.04343165E-3	8.04418113E-3	8.04493061E-3	8.04568009E-3	8.04642957E-3	8.04717905E-3	8.04792854E-3	8.04867802E-3	8.04942750E-3	8.05017698E-3	8.05092646E-3	8.05167594E-3	8.05242542E-3	8.05317490E-3	8.05392438E-3	8.05467387E-3	8.05542335E-3	8.05617283E-3	8.05692231E-3	8.05767179E-3	8.05842127E-3	8.05917075E-3	8.05992023E-3	8.06066971E-3	8.06141920E-3	8.06216868E-3	8.06291816E-3	8.06366764E-3	8.06441712E-3	8.06516660E-3	8.06591608E-3	8.06666556E-3	8.06741504E-3	8.06816453E-3	8.06891401E-3	8.06966349E-3	8.07041297E-3	8.07116245E-3	8.07191193E-3	8.07266141E-3	8.07341089E-3	8.07416038E-3	8.07490986E-3	8.07565934E-3	8.07640882E-3	8.07715830E-3	8.07790778E-3	8.07865726E-3	8.07940674E-3	8.08015622E-3	8.08090571E-3	8.08165519E-3	8.08240467E-3	8.08315415E-3	8.08390363E-3	8.08465311E-3	8.08540259E-3	8.08615207E-3	8.08690155E-3	8.08765104E-3	8.08840052E-3	8.08915000E-3	8.08989948E-3	8.09064896E-3	8.09139844E-3	8.09214792E-3	8.09289740E-3	8.09364688E-3	8.09439637E-3
</Val>
</String>
<U32>
<Name>dimensions</Name>
<Val>1</Val>
</U32>
<Cluster>
<Name>calibration</Name>
<NumElts>8</NumElts>
<String>
<Name>name</Name>
<Val></Val>
</String>
<EW>
<Name>calibration type</Name>
<Choice>tabulated</Choice>
<Choice>function</Choice>
<Choice>pass-through</Choice>
<Val>0</Val>
</EW>
<Array>
<Name>tabulated_x</Name>
<Dimsize>0</Dimsize>
<DBL>
<Name>Numeric</Name>
<Val></Val>
</DBL>
</Array>
<Array>
<Name>tabulated_y</Name>
<Dimsize>0</Dimsize>
<DBL>
<Name>Numeric</Name>
<Val></Val>
</DBL>
</Array>
<String>
<Name>forward_function</Name>
<Val></Val>
</String>
<String>
<Name>backward_function</Name>
<Val></Val>
</String>
<String>
<Name>source_unit_literal</Name>
<Val></Val>
</String>
<String>
<Name>target_unit_literal</Name>
<Val></Val>
</String>
</Cluster>
<String>
<Name>comment</Name>
<Val></Val>
</String>
</Cluster>
<Cluster>
<Name>parameter</Name>
<NumElts>5</NumElts>
<String>
<Name>name</Name>
<Val>time_constants</Val>
</String>
<String>
<Name>values</Name>
<Val>3.00000000E-2
</Val>
</String>
<U32>
<Name>dimensions</Name>
<Val>1</Val>
</U32>
<Cluster>
<Name>calibration</Name>
<NumElts>8</NumElts>
<String>
<Name>name</Name>
<Val></Val>
</String>
<EW>
<Name>calibration type</Name>
<Choice>tabulated</Choice>
<Choice>function</Choice>
<Choice>pass-through</Choice>
<Val>0</Val>
</EW>
<Array>
<Name>tabulated_x</Name>
<Dimsize>0</Dimsize>
<DBL>
<Name>Numeric</Name>
<Val></Val>
</DBL>
</Array>
<Array>
<Name>tabulated_y</Name>
<Dimsize>0</Dimsize>
<DBL>
<Name>Numeric</Name>
<Val></Val>
</DBL>
</Array>
<String>
<Name>forward_function</Name>
<Val></Val>
</String>
<String>
<Name>backward_function</Name>
<Val></Val>
</String>
<String>
<Name>source_unit_literal</Name>
<Val></Val>
</String>
<String>
<Name>target_unit_literal</Name>
<Val></Val>
</String>
</Cluster>
<String>
<Name>comment</Name>
<Val></Val>
</String>
</Cluster>
</Array>
<Array>
<Name>measurands</Name>
<Dimsize>6</Dimsize>
<Cluster>
<Name>measurand</Name>
<NumElts>2</NumElts>
<String>
<Name>name</Name>
<Val>lockin_ch0_x</Val>
</String>
<String>
<Name>type</Name>
<Val>double</Val>
</String>
</Cluster>
<Cluster>
<Name>measurand</Name>
<NumElts>2</NumElts>
<String>
<Name>name</Name>
<Val>lockin_ch0_y</Val>
</String>
<String>
<Name>type</Name>
<Val>double</Val>
</String>
</Cluster>
<Cluster>
<Name>measurand</Name>
<NumElts>2</NumElts>
<String>
<Name>name</Name>
<Val>lockin_ch0_xErr</Val>
</String>
<String>
<Name>type</Name>
<Val>double</Val>
</String>
</Cluster>
<Cluster>
<Name>measurand</Name>
<NumElts>2</NumElts>
<String>
<Name>name</Name>
<Val>lockin_ch0_yErr</Val>
</String>
<String>
<Name>type</Name>
<Val>double</Val>
</String>
</Cluster>
<Cluster>
<Name>measurand</Name>
<NumElts>2</NumElts>
<String>
<Name>name</Name>
<Val>lockin_ch0_frequency</Val>
</String>
<String>
<Name>type</Name>
<Val>double</Val>
</String>
</Cluster>
<Cluster>
<Name>measurand</Name>
<NumElts>2</NumElts>
<String>
<Name>name</Name>
<Val>lockin_ch0_phase</Val>
</String>
<String>
<Name>type</Name>
<Val>double</Val>
</String>
</Cluster>
</Array>
</Cluster>
<Array>
<Name>measurands</Name>
<Dimsize>6</Dimsize>
<Cluster>
<Name>measurand</Name>
<NumElts>4</NumElts>
<String>
<Name>name</Name>
<Val>lockin_ch0_x</Val>
</String>
<String>
<Name>type</Name>
<Val>double</Val>
</String>
<I32>
<Name>dimensions</Name>
<Val>2</Val>
</I32>
<String>
<Name>data</Name>
<Val>8.53354000E-3
8.54307000E-3
8.53735000E-3
8.53354000E-3
8.53163000E-3
8.53354000E-3
8.53354000E-3
8.53544000E-3
8.53735000E-3
8.53163000E-3
8.54117000E-3
8.54307000E-3
8.54117000E-3
8.53354000E-3
8.53354000E-3
8.54117000E-3
8.54117000E-3
8.54117000E-3
8.54117000E-3
8.54307000E-3
8.54117000E-3
8.54689000E-3
8.54498000E-3
8.54880000E-3
8.55070000E-3
8.54880000E-3
8.54880000E-3
8.54880000E-3
8.54689000E-3
8.55261000E-3
8.55452000E-3
8.56024000E-3
8.55643000E-3
8.55643000E-3
8.56024000E-3
8.56787000E-3
8.56596000E-3
8.56787000E-3
8.56978000E-3
8.56787000E-3
8.56787000E-3
8.57359000E-3
8.57550000E-3
8.57359000E-3
8.57359000E-3
8.58122000E-3
8.58694000E-3
8.58313000E-3
8.58694000E-3
8.59457000E-3
8.58694000E-3
8.58885000E-3
8.58885000E-3
8.59076000E-3
8.59267000E-3
8.59457000E-3
8.59648000E-3
8.59648000E-3
8.59839000E-3
8.59839000E-3
8.60602000E-3
8.60602000E-3
8.61365000E-3
8.61174000E-3
8.61555000E-3
8.60792000E-3
8.60983000E-3
8.61555000E-3
8.62128000E-3
8.62128000E-3
8.62509000E-3
8.63463000E-3
8.63653000E-3
8.62890000E-3
8.63081000E-3
8.63463000E-3
8.62700000E-3
8.63081000E-3
8.63653000E-3
8.63844000E-3
8.64226000E-3
8.65179000E-3
8.65179000E-3
8.64798000E-3
8.64798000E-3
8.65752000E-3
8.66133000E-3
8.66133000E-3
8.66705000E-3
8.66133000E-3
8.65752000E-3
8.66324000E-3
8.66896000E-3
8.66896000E-3
8.67277000E-3
8.67468000E-3
8.67850000E-3
8.68613000E-3
8.68803000E-3
8.68994000E-3
8.68422000E-3
8.68994000E-3
8.68803000E-3
8.67850000E-3
8.68613000E-3
8.68613000E-3
8.68803000E-3
8.68994000E-3
8.69375000E-3
8.69185000E-3
8.68994000E-3
8.69757000E-3
8.71092000E-3
8.70520000E-3
8.70138000E-3
8.70520000E-3
8.70138000E-3
8.70329000E-3
8.70329000E-3
8.70711000E-3
8.71283000E-3
8.71283000E-3
8.71092000E-3
8.71283000E-3
8.71283000E-3
8.71283000E-3
8.71283000E-3
8.71283000E-3
8.71283000E-3
8.71283000E-3
8.71855000E-3
8.72427000E-3
8.72427000E-3
8.72999000E-3
8.73572000E-3
8.73572000E-3
8.73762000E-3
8.73953000E-3
8.74716000E-3
8.75288000E-3
8.75479000E-3
8.75288000E-3
8.75479000E-3
8.76433000E-3
8.76433000E-3
8.76051000E-3
8.75479000E-3
8.75670000E-3
8.76623000E-3
8.76814000E-3
8.77577000E-3
8.78721000E-3
8.79484000E-3
8.80247000E-3
8.81010000E-3
8.81582000E-3
8.82536000E-3
8.81964000E-3
8.84062000E-3
8.86160000E-3
8.86160000E-3
8.86732000E-3
8.86923000E-3
8.87495000E-3
8.88449000E-3
8.89593000E-3
8.91119000E-3
8.92836000E-3
8.93408000E-3
8.95125000E-3
8.96078000E-3
8.97604000E-3
8.99702000E-3
9.00465000E-3
9.01419000E-3
9.02945000E-3
9.04089000E-3
9.05424000E-3
9.06569000E-3
9.07522000E-3
9.09430000E-3
9.11719000E-3
9.14007000E-3
9.15152000E-3
9.16106000E-3
9.17250000E-3
9.18776000E-3
9.19920000E-3
9.21637000E-3
9.22781000E-3
9.24498000E-3
9.27550000E-3
9.30220000E-3
9.33272000E-3
9.35751000E-3
9.38612000E-3
9.43762000E-3
9.46623000E-3
9.48912000E-3
9.51964000E-3
9.55778000E-3
9.61691000E-3
9.63789000E-3
9.68367000E-3
9.72563000E-3
9.76759000E-3
9.80574000E-3
9.83816000E-3
9.89729000E-3
9.92781000E-3
9.97168000E-3
9.99838000E-3
1.00213000E-2
1.00251000E-2
1.00289000E-2
1.00384000E-2
1.00136000E-2
9.99075000E-3
9.94879000E-3
9.92209000E-3
9.86487000E-3
9.82291000E-3
9.74280000E-3
9.68558000E-3
9.60928000E-3
9.56541000E-3
9.52536000E-3
9.51582000E-3
9.53490000E-3
9.61119000E-3
9.80955000E-3
9.93735000E-3
1.02730000E-2
1.05515000E-2
1.11924000E-2
1.14976000E-2
1.20774000E-2
1.27583000E-2
1.36395000E-2
1.40324000E-2
1.47572000E-2
1.51539000E-2
1.56060000E-2
1.60161000E-2
1.63213000E-2
1.64186000E-2
1.64262000E-2
1.63080000E-2
1.61172000E-2
1.57510000E-2
1.53027000E-2
1.47496000E-2
1.40572000E-2
1.35060000E-2
1.29109000E-2
1.22758000E-2
1.16978000E-2
1.11275000E-2
1.05763000E-2
1.02902000E-2
9.97168000E-3
9.72754000E-3
9.58067000E-3
9.49293000E-3
9.46242000E-3
9.46623000E-3
9.50247000E-3
9.54443000E-3
9.62836000E-3
9.68176000E-3
9.80955000E-3
9.84961000E-3
9.90492000E-3
9.95070000E-3
9.98503000E-3
1.00251000E-2
1.00384000E-2
1.00499000E-2
1.00480000E-2
1.00365000E-2
1.00194000E-2
9.99457000E-3
9.97931000E-3
9.94498000E-3
9.90874000E-3
9.88013000E-3
9.84198000E-3
9.79239000E-3
9.75043000E-3
9.71419000E-3
9.68939000E-3
9.64934000E-3
9.59784000E-3
9.56923000E-3
9.53299000E-3
9.50629000E-3
9.48530000E-3
9.45288000E-3
9.43190000E-3
9.41283000E-3
9.39947000E-3
9.37468000E-3
9.36514000E-3
9.35560000E-3
9.34225000E-3
9.31555000E-3
9.30411000E-3
9.28694000E-3
9.27359000E-3
9.26596000E-3
9.25452000E-3
9.23544000E-3
9.23353000E-3
9.22209000E-3
9.21255000E-3
9.19920000E-3
9.17631000E-3
9.16296000E-3
9.14961000E-3
9.13626000E-3
9.13054000E-3
9.12100000E-3
9.11337000E-3
9.10383000E-3
9.09811000E-3
9.08858000E-3
9.08095000E-3
9.06378000E-3
9.04661000E-3
9.03898000E-3
9.03326000E-3
9.01419000E-3
9.00465000E-3
8.99702000E-3
8.99130000E-3
8.98176000E-3
8.97413000E-3
8.96841000E-3
8.95506000E-3
8.95125000E-3
8.94552000E-3
8.93599000E-3
8.92836000E-3
8.92454000E-3
8.91882000E-3
8.90356000E-3
8.89784000E-3
8.89021000E-3
8.88067000E-3
8.87114000E-3
8.86732000E-3
8.86160000E-3
8.86542000E-3
8.85779000E-3
8.85206000E-3
8.83871000E-3
8.83108000E-3
8.81964000E-3
8.81010000E-3
8.81010000E-3
8.80629000E-3
8.81010000E-3
8.80629000E-3
8.79294000E-3
8.79484000E-3
8.78149000E-3
8.77577000E-3
8.77959000E-3
8.77768000E-3
8.76433000E-3
8.76051000E-3
8.75288000E-3
8.75098000E-3
8.75288000E-3
8.74907000E-3
8.74907000E-3
8.74144000E-3
8.74525000E-3
8.73572000E-3
8.73572000E-3
8.72618000E-3
8.72809000E-3
8.71283000E-3
8.70138000E-3
8.68994000E-3
8.69757000E-3
8.69375000E-3
8.68994000E-3
8.68803000E-3
8.69185000E-3
8.68231000E-3
8.67468000E-3
8.67468000E-3
8.67659000E-3
8.66705000E-3
8.67468000E-3
8.67087000E-3
8.66324000E-3
8.65942000E-3
8.65370000E-3
8.65370000E-3
8.64989000E-3
8.64989000E-3
8.65179000E-3
8.64607000E-3
8.64607000E-3
8.63844000E-3
8.63653000E-3
8.62890000E-3
8.62509000E-3
8.62128000E-3
8.62128000E-3
8.62890000E-3
8.62700000E-3
8.63463000E-3
8.63081000E-3
8.62128000E-3
8.62128000E-3
8.61174000E-3
8.61174000E-3
8.60792000E-3
8.59839000E-3
8.60029000E-3
8.59267000E-3
8.59267000E-3
8.60029000E-3
8.59267000E-3
8.59267000E-3
8.59076000E-3
8.58313000E-3
8.58504000E-3
8.58694000E-3
8.58694000E-3
8.58694000E-3
8.58122000E-3
8.58694000E-3
8.58504000E-3
8.58313000E-3
8.57931000E-3
8.57550000E-3
8.58122000E-3
8.57359000E-3
8.57550000E-3
8.57359000E-3
8.56787000E-3
8.56787000E-3
8.56787000E-3
8.56596000E-3
8.56596000E-3
8.56787000E-3
8.56787000E-3
8.56596000E-3
8.56024000E-3
8.56024000E-3
8.55833000E-3
8.56024000E-3
8.55833000E-3
8.56024000E-3
8.56405000E-3
8.55833000E-3
8.55643000E-3
8.56596000E-3
8.55452000E-3
8.55070000E-3
8.54307000E-3
8.55070000E-3
8.55070000E-3
8.55452000E-3
8.55452000E-3
8.55452000E-3
8.54307000E-3
8.53926000E-3
8.54117000E-3
8.54689000E-3
8.54307000E-3
8.54307000E-3
8.55452000E-3
8.55070000E-3
8.54307000E-3
8.54880000E-3
8.53926000E-3
8.53735000E-3
8.53926000E-3
8.53354000E-3
8.53735000E-3
8.54117000E-3
8.52972000E-3
8.52972000E-3
8.53544000E-3
8.53354000E-3
8.52972000E-3
8.52782000E-3
8.52591000E-3
8.52782000E-3
8.53735000E-3
8.53544000E-3
8.53354000E-3
8.54117000E-3
8.53544000E-3
8.53735000E-3
8.53544000E-3
8.53544000E-3
8.53354000E-3
8.53544000E-3
8.53354000E-3
8.52972000E-3
8.52972000E-3
8.52972000E-3
8.52972000E-3
8.52972000E-3
8.52400000E-3
8.52782000E-3
8.52972000E-3
8.53163000E-3
8.53926000E-3
8.53163000E-3
8.52782000E-3
8.52782000E-3
8.52209000E-3
8.52782000E-3
8.52591000E-3
8.52972000E-3
8.52782000E-3
8.52591000E-3
8.52400000E-3
8.52782000E-3
8.52972000E-3
8.52782000E-3
8.52591000E-3
8.52782000E-3
8.53544000E-3
8.52591000E-3
8.52019000E-3
8.52209000E-3
8.52400000E-3
8.52209000E-3
8.52591000E-3
8.52591000E-3
8.52400000E-3
8.52400000E-3
8.52400000E-3
8.52019000E-3
8.52019000E-3
8.51828000E-3
8.51828000E-3
8.51828000E-3
8.51637000E-3
8.51637000E-3
8.51637000E-3
8.51637000E-3
8.52019000E-3
8.51828000E-3
8.51637000E-3
8.51637000E-3
8.51637000E-3
8.51828000E-3
8.51637000E-3
8.51637000E-3
8.51256000E-3
8.51637000E-3
8.51828000E-3
8.52782000E-3
8.53544000E-3
8.53735000E-3
8.53735000E-3
8.53544000E-3
8.52972000E-3
8.52972000E-3
8.53735000E-3
8.53163000E-3
8.52400000E-3
8.52400000E-3
8.52591000E-3
8.52400000E-3
8.52209000E-3
8.52400000E-3
8.52400000E-3
8.52972000E-3
8.52209000E-3
8.52019000E-3
8.51446000E-3
8.52019000E-3
8.51637000E-3
8.51637000E-3
8.52782000E-3
8.52782000E-3
8.51637000E-3
8.51637000E-3
8.52400000E-3
8.52972000E-3
8.53354000E-3
8.53544000E-3
8.52591000E-3
8.52019000E-3
8.52782000E-3
8.52972000E-3
8.52782000E-3
8.52209000E-3
8.52209000E-3
8.52591000E-3
8.52782000E-3
</Val>
</String>
</Cluster>
<Cluster>
<Name>measurand</Name>
<NumElts>4</NumElts>
<String>
<Name>name</Name>
<Val>lockin_ch0_y</Val>
</String>
<String>
<Name>type</Name>
<Val>double</Val>
</String>
<I32>
<Name>dimensions</Name>
<Val>2</Val>
</I32>
<String>
<Name>data</Name>
<Val>-2.20300000E-3
-2.20300000E-3
-2.20491000E-3
-2.20110000E-3
-2.20300000E-3
-2.20491000E-3
-2.20300000E-3
-2.20300000E-3
-2.20110000E-3
-2.20110000E-3
-2.20110000E-3
-2.20300000E-3
-2.20110000E-3
-2.19728000E-3
-2.19919000E-3
-2.19919000E-3
-2.19728000E-3
-2.19728000E-3
-2.19728000E-3
-2.19919000E-3
-2.19728000E-3
-2.20110000E-3
-2.20300000E-3
-2.20300000E-3
-2.20300000E-3
-2.20300000E-3
-2.20110000E-3
-2.20300000E-3
-2.20110000E-3
-2.20300000E-3
-2.20300000E-3
-2.20491000E-3
-2.20110000E-3
-2.20300000E-3
-2.20491000E-3
-2.20110000E-3
-2.20110000E-3
-2.19919000E-3
-2.20110000E-3
-2.20300000E-3
-2.20300000E-3
-2.19919000E-3
-2.20110000E-3
-2.20110000E-3
-2.19919000E-3
-2.19728000E-3
-2.19919000E-3
-2.19537000E-3
-2.19347000E-3
-2.19347000E-3
-2.19347000E-3
-2.19537000E-3
-2.19728000E-3
-2.19728000E-3
-2.19537000E-3
-2.19728000E-3
-2.19728000E-3
-2.19728000E-3
-2.19728000E-3
-2.19728000E-3
-2.19537000E-3
-2.19537000E-3
-2.19347000E-3
-2.19347000E-3
-2.19537000E-3
-2.19347000E-3
-2.19728000E-3
-2.19728000E-3
-2.19537000E-3
-2.19537000E-3
-2.19347000E-3
-2.19728000E-3
-2.19919000E-3
-2.19919000E-3
-2.19919000E-3
-2.19537000E-3
-2.19728000E-3
-2.19537000E-3
-2.19537000E-3
-2.19347000E-3
-2.19537000E-3
-2.19347000E-3
-2.19537000E-3
-2.19347000E-3
-2.19347000E-3
-2.19347000E-3
-2.19156000E-3
-2.19347000E-3
-2.19537000E-3
-2.19537000E-3
-2.19347000E-3
-2.19347000E-3
-2.19156000E-3
-2.19156000E-3
-2.19347000E-3
-2.19156000E-3
-2.19156000E-3
-2.19347000E-3
-2.19156000E-3
-2.18965000E-3
-2.18774000E-3
-2.18774000E-3
-2.18774000E-3
-2.19156000E-3
-2.18965000E-3
-2.18965000E-3
-2.18965000E-3
-2.18774000E-3
-2.18965000E-3
-2.18774000E-3
-2.18965000E-3
-2.18965000E-3
-2.18774000E-3
-2.18584000E-3
-2.18584000E-3
-2.18584000E-3
-2.18774000E-3
-2.18584000E-3
-2.18393000E-3
-2.18393000E-3
-2.18202000E-3
-2.18584000E-3
-2.18393000E-3
-2.18584000E-3
-2.18393000E-3
-2.18584000E-3
-2.18584000E-3
-2.18393000E-3
-2.18584000E-3
-2.18393000E-3
-2.18393000E-3
-2.18584000E-3
-2.18393000E-3
-2.18393000E-3
-2.18393000E-3
-2.18011000E-3
-2.18584000E-3
-2.18393000E-3
-2.18584000E-3
-2.18202000E-3
-2.18584000E-3
-2.18393000E-3
-2.18202000E-3
-2.18202000E-3
-2.18011000E-3
-2.18011000E-3
-2.18202000E-3
-2.18202000E-3
-2.18202000E-3
-2.18011000E-3
-2.18011000E-3
-2.18011000E-3
-2.18011000E-3
-2.18011000E-3
-2.18011000E-3
-2.18011000E-3
-2.18011000E-3
-2.17439000E-3
-2.17821000E-3
-2.17821000E-3
-2.17630000E-3
-2.17439000E-3
-2.17630000E-3
-2.17821000E-3
-2.17630000E-3
-2.17248000E-3
-2.17058000E-3
-2.17248000E-3
-2.17058000E-3
-2.16867000E-3
-2.16676000E-3
-2.16676000E-3
-2.16676000E-3
-2.16486000E-3
-2.16486000E-3
-2.16104000E-3
-2.16295000E-3
-2.16104000E-3
-2.15723000E-3
-2.15913000E-3
-2.15341000E-3
-2.15341000E-3
-2.14578000E-3
-2.14387000E-3
-2.14578000E-3
-2.14769000E-3
-2.14387000E-3
-2.14387000E-3
-2.14387000E-3
-2.14197000E-3
-2.14006000E-3
-2.13625000E-3
-2.13434000E-3
-2.13243000E-3
-2.13052000E-3
-2.12671000E-3
-2.12289000E-3
-2.11526000E-3
-2.11336000E-3
-2.10954000E-3
-2.10382000E-3
-2.10001000E-3
-2.09428000E-3
-2.08856000E-3
-2.08284000E-3
-2.08093000E-3
-2.07330000E-3
-2.06949000E-3
-2.05995000E-3
-2.05804000E-3
-2.04851000E-3
-2.04469000E-3
-2.04088000E-3
-2.04088000E-3
-2.03897000E-3
-2.04088000E-3
-2.04279000E-3
-2.04279000E-3
-2.04660000E-3
-2.05423000E-3
-2.05995000E-3
-2.06949000E-3
-2.08093000E-3
-2.08665000E-3
-2.09619000E-3
-2.10001000E-3
-2.10573000E-3
-2.10573000E-3
-2.10191000E-3
-2.08856000E-3
-2.06377000E-3
-2.04469000E-3
-1.98938000E-3
-1.93787000E-3
-1.81008000E-3
-1.73569000E-3
-1.59264000E-3
-1.40191000E-3
-1.12153000E-3
-9.74659000E-4
-7.05723000E-4
-5.41691000E-4
-3.56676000E-4
-1.79292000E-4
-4.76839000E-5
0.00000000E+0
0.00000000E+0
-5.72207000E-5
-1.52589000E-4
-3.18529000E-4
-5.14988000E-4
-7.38148000E-4
-9.97551000E-4
-1.19210000E-3
-1.37902000E-3
-1.55831000E-3
-1.70327000E-3
-1.82915000E-3
-1.93406000E-3
-1.98556000E-3
-2.03325000E-3
-2.06377000E-3
-2.08093000E-3
-2.09238000E-3
-2.09619000E-3
-2.09619000E-3
-2.09047000E-3
-2.08665000E-3
-2.07330000E-3
-2.06758000E-3
-2.05232000E-3
-2.04469000E-3
-2.03897000E-3
-2.03325000E-3
-2.02943000E-3
-2.02180000E-3
-2.02180000E-3
-2.01990000E-3
-2.02180000E-3
-2.02371000E-3
-2.02562000E-3
-2.02943000E-3
-2.03134000E-3
-2.03516000E-3
-2.04088000E-3
-2.04660000E-3
-2.04851000E-3
-2.05423000E-3
-2.05995000E-3
-2.06758000E-3
-2.07330000E-3
-2.07902000E-3
-2.08475000E-3
-2.09047000E-3
-2.09619000E-3
-2.09810000E-3
-2.10001000E-3
-2.10191000E-3
-2.10573000E-3
-2.10573000E-3
-2.10954000E-3
-2.11145000E-3
-2.11526000E-3
-2.11908000E-3
-2.11908000E-3
-2.11908000E-3
-2.12099000E-3
-2.12480000E-3
-2.12671000E-3
-2.12671000E-3
-2.13052000E-3
-2.13434000E-3
-2.13625000E-3
-2.13434000E-3
-2.13815000E-3
-2.14006000E-3
-2.14006000E-3
-2.14578000E-3
-2.14578000E-3
-2.14578000E-3
-2.14769000E-3
-2.14769000E-3
-2.14960000E-3
-2.15150000E-3
-2.14960000E-3
-2.15341000E-3
-2.15150000E-3
-2.15341000E-3
-2.15532000E-3
-2.15341000E-3
-2.15341000E-3
-2.15723000E-3
-2.15913000E-3
-2.15723000E-3
-2.15913000E-3
-2.15913000E-3
-2.16104000E-3
-2.16295000E-3
-2.16104000E-3
-2.16295000E-3
-2.16295000E-3
-2.16295000E-3
-2.16295000E-3
-2.16295000E-3
-2.16676000E-3
-2.16676000E-3
-2.17058000E-3
-2.17058000E-3
-2.17248000E-3
-2.17058000E-3
-2.17248000E-3
-2.17248000E-3
-2.17058000E-3
-2.17439000E-3
-2.17248000E-3
-2.17248000E-3
-2.17439000E-3
-2.17439000E-3
-2.17439000E-3
-2.17630000E-3
-2.17821000E-3
-2.18011000E-3
-2.18011000E-3
-2.18202000E-3
-2.18011000E-3
-2.18393000E-3
-2.18584000E-3
-2.18774000E-3
-2.18393000E-3
-2.18011000E-3
-2.18011000E-3
-2.18202000E-3
-2.18202000E-3
-2.18011000E-3
-2.18202000E-3
-2.18774000E-3
-2.18393000E-3
-2.18584000E-3
-2.18774000E-3
-2.18965000E-3
-2.18584000E-3
-2.18774000E-3
-2.18584000E-3
-2.18965000E-3
-2.18584000E-3
-2.18584000E-3
-2.18393000E-3
-2.18584000E-3
-2.18393000E-3
-2.18774000E-3
-2.18774000E-3
-2.18774000E-3
-2.18965000E-3
-2.18774000E-3
-2.18584000E-3
-2.18584000E-3
-2.18774000E-3
-2.18965000E-3
-2.18965000E-3
-2.18393000E-3
-2.18774000E-3
-2.18965000E-3
-2.19156000E-3
-2.19156000E-3
-2.19156000E-3
-2.19156000E-3
-2.19347000E-3
-2.19156000E-3
-2.19347000E-3
-2.19156000E-3
-2.19347000E-3
-2.19347000E-3
-2.19347000E-3
-2.19347000E-3
-2.19347000E-3
-2.19347000E-3
-2.19347000E-3
-2.19347000E-3
-2.19347000E-3
-2.19347000E-3
-2.19347000E-3
-2.19347000E-3
-2.19347000E-3
-2.19347000E-3
-2.19347000E-3
-2.19537000E-3
-2.19537000E-3
-2.19537000E-3
-2.19537000E-3
-2.19728000E-3
-2.19919000E-3
-2.19728000E-3
-2.19537000E-3
-2.19347000E-3
-2.19728000E-3
-2.19919000E-3
-2.20110000E-3
-2.19728000E-3
-2.19919000E-3
-2.19919000E-3
-2.19728000E-3
-2.19728000E-3
-2.19919000E-3
-2.19728000E-3
-2.19919000E-3
-2.19919000E-3
-2.19919000E-3
-2.20110000E-3
-2.20110000E-3
-2.20110000E-3
-2.20110000E-3
-2.19919000E-3
-2.19919000E-3
-2.19919000E-3
-2.20110000E-3
-2.20110000E-3
-2.20110000E-3
-2.20110000E-3
-2.20110000E-3
-2.19919000E-3
-2.20110000E-3
-2.19919000E-3
-2.20110000E-3
-2.20110000E-3
-2.20110000E-3
-2.20110000E-3
-2.20300000E-3
-2.19919000E-3
-2.19919000E-3
-2.19919000E-3
-2.19919000E-3
-2.19728000E-3
-2.19919000E-3
-2.19919000E-3
-2.19919000E-3
-2.19537000E-3
-2.19728000E-3
-2.19728000E-3
-2.19919000E-3
-2.19347000E-3
-2.19728000E-3
-2.19537000E-3
-2.19728000E-3
-2.20110000E-3
-2.19919000E-3
-2.19919000E-3
-2.19728000E-3
-2.19728000E-3
-2.19728000E-3
-2.20110000E-3
-2.19919000E-3
-2.19919000E-3
-2.19728000E-3
-2.19728000E-3
-2.20110000E-3
-2.19919000E-3
-2.19728000E-3
-2.19728000E-3
-2.19919000E-3
-2.20300000E-3
-2.20300000E-3
-2.19919000E-3
-2.20300000E-3
-2.20300000E-3
-2.20300000E-3
-2.20110000E-3
-2.19919000E-3
-2.20300000E-3
-2.20300000E-3
-2.20300000E-3
-2.20110000E-3
-2.20110000E-3
-2.20300000E-3
-2.20110000E-3
-2.20300000E-3
-2.20110000E-3
-2.20300000E-3
-2.20300000E-3
-2.20300000E-3
-2.20491000E-3
-2.20300000E-3
-2.20110000E-3
-2.20110000E-3
-2.20300000E-3
-2.20110000E-3
-2.20110000E-3
-2.20110000E-3
-2.20300000E-3
-2.20491000E-3
-2.20491000E-3
-2.20110000E-3
-2.20300000E-3
-2.20300000E-3
-2.20110000E-3
-2.20110000E-3
-2.20300000E-3
-2.20682000E-3
-2.20491000E-3
-2.20300000E-3
-2.20300000E-3
-2.20682000E-3
-2.20300000E-3
-2.20300000E-3
-2.20110000E-3
-2.20110000E-3
-2.20300000E-3
-2.20300000E-3
-2.20491000E-3
-2.20300000E-3
-2.20682000E-3
-2.20682000E-3
-2.20491000E-3
-2.20491000E-3
-2.20491000E-3
-2.20491000E-3
-2.20491000E-3
-2.20300000E-3
-2.20110000E-3
-2.20300000E-3
-2.20491000E-3
-2.20491000E-3
-2.20300000E-3
-2.20110000E-3
-2.20110000E-3
-2.20110000E-3
-2.20110000E-3
-2.20110000E-3
-2.20300000E-3
-2.20300000E-3
-2.20300000E-3
-2.20300000E-3
-2.20300000E-3
-2.20491000E-3
-2.20682000E-3
-2.20682000E-3
-2.20682000E-3
-2.20682000E-3
-2.20682000E-3
-2.20491000E-3
-2.20682000E-3
-2.20300000E-3
-2.20110000E-3
-2.20110000E-3
-2.20300000E-3
-2.20491000E-3
-2.20491000E-3
-2.20300000E-3
-2.20110000E-3
-2.20300000E-3
-2.20110000E-3
-2.19537000E-3
-2.20110000E-3
-2.20300000E-3
-2.20110000E-3
-2.20110000E-3
-2.20110000E-3
-2.19919000E-3
-2.20110000E-3
-2.20110000E-3
-2.20110000E-3
-2.19919000E-3
</Val>
</String>
</Cluster>
<Cluster>
<Name>measurand</Name>
<NumElts>4</NumElts>
<String>
<Name>name</Name>
<Val>lockin_ch0_xErr</Val>
</String>
<String>
<Name>type</Name>
<Val>double</Val>
</String>
<I32>
<Name>dimensions</Name>
<Val>2</Val>
</I32>
<String>
<Name>data</Name>
<Val></Val>
</String>
</Cluster>
<Cluster>
<Name>measurand</Name>
<NumElts>4</NumElts>
<String>
<Name>name</Name>
<Val>lockin_ch0_yErr</Val>
</String>
<String>
<Name>type</Name>
<Val>double</Val>
</String>
<I32>
<Name>dimensions</Name>
<Val>2</Val>
</I32>
<String>
<Name>data</Name>
<Val></Val>
</String>
</Cluster>
<Cluster>
<Name>measurand</Name>
<NumElts>4</NumElts>
<String>
<Name>name</Name>
<Val>lockin_ch0_frequency</Val>
</String>
<String>
<Name>type</Name>
<Val>double</Val>
</String>
<I32>
<Name>dimensions</Name>
<Val>2</Val>
</I32>
<String>
<Name>data</Name>
<Val></Val>
</String>
</Cluster>
<Cluster>
<Name>measurand</Name>
<NumElts>4</NumElts>
<String>
<Name>name</Name>
<Val>lockin_ch0_phase</Val>
</String>
<String>
<Name>type</Name>
<Val>double</Val>
</String>
<I32>
<Name>dimensions</Name>
<Val>2</Val>
</I32>
<String>
<Name>data</Name>
<Val></Val>
</String>
</Cluster>
</Array>
</LVData>