Delay (ps) - A ch X	Lockin Signal - A ch X	Delay (ps) - A ch Y	Lockin Signal - A ch Y	Delay (ps) - B ch X	Lockin Signal - B ch X	Delay (ps) - B ch Y	Lockin Signal - B ch Y	
51.0000	8.53E-3	51.0000	-2.20E-3	51.0000	8.53E-3	51.0000	-2.20E-3	
51.0050	8.54E-3	51.0050	-2.20E-3	51.0050	8.54E-3	51.0050	-2.20E-3	
51.0100	8.54E-3	51.0100	-2.20E-3	51.0100	8.54E-3	51.0100	-2.20E-3	
51.0150	8.53E-3	51.0150	-2.20E-3	51.0150	8.53E-3	51.0150	-2.20E-3	
51.0200	8.53E-3	51.0200	-2.20E-3	51.0200	8.53E-3	51.0200	-2.20E-3	
51.0250	8.53E-3	51.0250	-2.20E-3	51.0250	8.53E-3	51.0250	-2.20E-3	
51.0300	8.53E-3	51.0300	-2.20E-3	51.0300	8.53E-3	51.0300	-2.20E-3	
51.0350	8.54E-3	51.0350	-2.20E-3	51.0350	8.54E-3	51.0350	-2.20E-3	
51.0400	8.54E-3	51.0400	-2.20E-3	51.0400	8.54E-3	51.0400	-2.20E-3	
51.0450	8.53E-3	51.0450	-2.20E-3	51.0450	8.53E-3	51.0450	-2.20E-3	
51.0500	8.54E-3	51.0500	-2.20E-3	51.0500	8.54E-3	51.0500	-2.20E-3	
51.0550	8.54E-3	51.0550	-2.20E-3	51.0550	8.54E-3	51.0550	-2.20E-3	
51.0600	8.54E-3	51.0600	-2.20E-3	51.0600	8.54E-3	51.0600	-2.20E-3	
51.0650	8.53E-3	51.0650	-2.20E-3	51.0650	8.53E-3	51.0650	-2.20E-3	
51.0700	8.53E-3	51.0700	-2.20E-3	51.0700	8.53E-3	51.0700	-2.20E-3	
51.0750	8.54E-3	51.0750	-2.20E-3	51.0750	8.54E-3	51.0750	-2.20E-3	
51.0800	8.54E-3	51.0800	-2.20E-3	51.0800	8.54E-3	51.0800	-2.20E-3	
51.0850	8.54E-3	51.0850	-2.20E-3	51.0850	8.54E-3	51.0850	-2.20E-3	
51.0900	8.54E-3	51.0900	-2.20E-3	51.0900	8.54E-3	51.0900	-2.20E-3	
51.0950	8.54E-3	51.0950	-2.20E-3	51.0950	8.54E-3	51.0950	-2.20E-3	
51.1000	8.54E-3	51.1000	-2.20E-3	51.1000	8.54E-3	51.1000	-2.20E-3	
51.1050	8.55E-3	51.1050	-2.20E-3	51.1050	8.55E-3	51.1050	-2.20E-3	
51.1100	8.54E-3	51.1100	-2.20E-3	51.1100	8.54E-3	51.1100	-2.20E-3	
51.1150	8.55E-3	51.1150	-2.20E-3	51.1150	8.55E-3	51.1150	-2.20E-3	
51.1200	8.55E-3	51.1200	-2.20E-3	51.1200	8.55E-3	51.1200	-2.20E-3	
51.1250	8.55E-3	51.1250	-2.20E-3	51.1250	8.55E-3	51.1250	-2.20E-3	
51.1300	8.55E-3	51.1300	-2.20E-3	51.1300	8.55E-3	51.1300	-2.20E-3	
51.1350	8.55E-3	51.1350	-2.20E-3	51.1350	8.55E-3	51.1350	-2.20E-3	
51.1400	8.55E-3	51.1400	-2.20E-3	51.1400	8.55E-3	51.1400	-2.20E-3	
51.1450	8.55E-3	51.1450	-2.20E-3	51.1450	8.55E-3	51.1450	-2.20E-3	
51.1500	8.55E-3	51.1500	-2.20E-3	51.1500	8.55E-3	51.1500	-2.20E-3	
51.1550	8.56E-3	51.1550	-2.20E-3	51.1550	8.56E-3	51.1550	-2.20E-3	
51.1600	8.56E-3	51.1600	-2.20E-3	51.1600	8.56E-3	51.1600	-2.20E-3	
51.1650	8.56E-3	51.1650	-2.20E-3	51.1650	8.56E-3	51.1650	-2.20E-3	
51.1700	8.56E-3	51.1700	-2.20E-3	51.1700	8.56E-3	51.1700	-2.20E-3	
51.1750	8.57E-3	51.1750	-2.20E-3	51.1750	8.57E-3	51.1750	-2.20E-3	
51.1800	8.57E-3	51.1800	-2.20E-3	51.1800	8.57E-3	51.1800	-2.20E-3	
51.1850	8.57E-3	51.1850	-2.20E-3	51.1850	8.57E-3	51.1850	-2.20E-3	
51.1900	8.57E-3	51.1900	-2.20E-3	51.1900	8.57E-3	51.1900	-2.20E-3	
51.1950	8.57E-3	51.1950	-2.20E-3	51.1950	8.57E-3	51.1950	-2.20E-3	
51.2000	8.57E-3	51.2000	-2.20E-3	51.2000	8.57E-3	51.2000	-2.20E-3	
51.2050	8.57E-3	51.2050	-2.20E-3	51.2050	8.57E-3	51.2050	-2.20E-3	
51.2100	8.58E-3	51.2100	-2.20E-3	51.2100	8.58E-3	51.2100	-2.20E-3	
51.2150	8.57E-3	51.2150	-2.20E-3	51.2150	8.57E-3	51.2150	-2.20E-3	
51.2200	8.57E-3	51.2200	-2.20E-3	51.2200	8.57E-3	51.2200	-2.20E-3	
51.2250	8.58E-3	51.2250	-2.20E-3	51.2250	8.58E-3	51.2250	-2.20E-3	
51.2300	8.59E-3	51.2300	-2.20E-3	51.2300	8.59E-3	51.2300	-2.20E-3	
51.2350	8.58E-3	51.2350	-2.20E-3	51.2350	8.58E-3	51.2350	-2.20E-3	
51.2400	8.59E-3	51.2400	-2.19E-3	51.2400	8.59E-3	51.2400	-2.19E-3	
51.2450	8.59E-3	51.2450	-2.19E-3	51.2450	8.59E-3	51.2450	-2.19E-3	
51.2500	8.59E-3	51.2500	-2.19E-3	51.2500	8.59E-3	51.2500	-2.19E-3	
51.2550	8.59E-3	51.2550	-2.20E-3	51.2550	8.59E-3	51.2550	-2.20E-3	
51.2600	8.59E-3	51.2600	-2.20E-3	51.2600	8.59E-3	51.2600	-2.20E-3	
51.2650	8.59E-3	51.2650	-2.20E-3	51.2650	8.59E-3	51.2650	-2.20E-3	
51.2700	8.59E-3	51.2700	-2.20E-3	51.2700	8.59E-3	51.2700	-2.20E-3	
51.2750	8.59E-3	51.2750	-2.20E-3	51.2750	8.59E-3	51.2750	-2.20E-3	
51.2800	8.60E-3	51.2800	-2.20E-3	51.2800	8.60E-3	51.2800	-2.20E-3	
51.2850	8.60E-3	51.2850	-2.20E-3	51.2850	8.60E-3	51.2850	-2.20E-3	
51.2900	8.60E-3	51.2900	-2.20E-3	51.2900	8.60E-3	51.2900	-2.20E-3	
51.2950	8.60E-3	51.2950	-2.20E-3	51.2950	8.60E-3	51.2950	-2.20E-3	
51.3000	8.61E-3	51.3000	-2.20E-3	51.3000	8.61E-3	51.3000	-2.20E-3	
51.3050	8.61E-3	51.3050	-2.20E-3	51.3050	8.61E-3	51.3050	-2.20E-3	
51.3100	8.61E-3	51.3100	-2.19E-3	51.3100	8.61E-3	51.3100	-2.19E-3	
51.3150	8.61E-3	51.3150	-2.19E-3	51.3150	8.61E-3	51.3150	-2.19E-3	
51.3200	8.62E-3	51.3200	-2.20E-3	51.3200	8.62E-3	51.3200	-2.20E-3	
51.3250	8.61E-3	51.3250	-2.19E-3	51.3250	8.61E-3	51.3250	-2.19E-3	
51.3300	8.61E-3	51.3300	-2.20E-3	51.3300	8.61E-3	51.3300	-2.20E-3	
51.3350	8.62E-3	51.3350	-2.20E-3	51.3350	8.62E-3	51.3350	-2.20E-3	
51.3400	8.62E-3	51.3400	-2.20E-3	51.3400	8.62E-3	51.3400	-2.20E-3	
51.3450	8.62E-3	51.3450	-2.20E-3	51.3450	8.62E-3	51.3450	-2.20E-3	
51.3500	8.63E-3	51.3500	-2.19E-3	51.3500	8.63E-3	51.3500	-2.19E-3	
51.3550	8.63E-3	51.3550	-2.20E-3	51.3550	8.63E-3	51.3550	-2.20E-3	
51.3600	8.64E-3	51.3600	-2.20E-3	51.3600	8.64E-3	51.3600	-2.20E-3	
51.3650	8.63E-3	51.3650	-2.20E-3	51.3650	8.63E-3	51.3650	-2.20E-3	
51.3700	8.63E-3	51.3700	-2.20E-3	51.3700	8.63E-3	51.3700	-2.20E-3	
51.3750	8.63E-3	51.3750	-2.20E-3	51.3750	8.63E-3	51.3750	-2.20E-3	
51.3800	8.63E-3	51.3800	-2.20E-3	51.3800	8.63E-3	51.3800	-2.20E-3	
51.3850	8.63E-3	51.3850	-2.20E-3	51.3850	8.63E-3	51.3850	-2.20E-3	
51.3900	8.64E-3	51.3900	-2.20E-3	51.3900	8.64E-3	51.3900	-2.20E-3	
51.3950	8.64E-3	51.3950	-2.19E-3	51.3950	8.64E-3	51.3950	-2.19E-3	
51.4000	8.64E-3	51.4000	-2.20E-3	51.4000	8.64E-3	51.4000	-2.20E-3	
51.4050	8.65E-3	51.4050	-2.19E-3	51.4050	8.65E-3	51.4050	-2.19E-3	
51.4100	8.65E-3	51.4100	-2.20E-3	51.4100	8.65E-3	51.4100	-2.20E-3	
51.4150	8.65E-3	51.4150	-2.19E-3	51.4150	8.65E-3	51.4150	-2.19E-3	
51.4200	8.65E-3	51.4200	-2.19E-3	51.4200	8.65E-3	51.4200	-2.19E-3	
51.4250	8.66E-3	51.4250	-2.19E-3	51.4250	8.66E-3	51.4250	-2.19E-3	
51.4300	8.66E-3	51.4300	-2.19E-3	51.4300	8.66E-3	51.4300	-2.19E-3	
51.4350	8.66E-3	51.4350	-2.19E-3	51.4350	8.66E-3	51.4350	-2.19E-3	
51.4400	8.67E-3	51.4400	-2.20E-3	51.4400	8.67E-3	51.4400	-2.20E-3	
51.4450	8.66E-3	51.4450	-2.20E-3	51.4450	8.66E-3	51.4450	-2.20E-3	
51.4500	8.66E-3	51.4500	-2.19E-3	51.4500	8.66E-3	51.4500	-2.19E-3	
51.4550	8.66E-3	51.4550	-2.19E-3	51.4550	8.66E-3	51.4550	-2.19E-3	
51.4600	8.67E-3	51.4600	-2.19E-3	51.4600	8.67E-3	51.4600	-2.19E-3	
51.4650	8.67E-3	51.4650	-2.19E-3	51.4650	8.67E-3	51.4650	-2.19E-3	
51.4700	8.67E-3	51.4700	-2.19E-3	51.4700	8.67E-3	51.4700	-2.19E-3	
51.4750	8.67E-3	51.4750	-2.19E-3	51.4750	8.67E-3	51.4750	-2.19E-3	
51.4800	8.68E-3	51.4800	-2.19E-3	51.4800	8.68E-3	51.4800	-2.19E-3	
51.4850	8.69E-3	51.4850	-2.19E-3	51.4850	8.69E-3	51.4850	-2.19E-3	
51.4900	8.69E-3	51.4900	-2.19E-3	51.4900	8.69E-3	51.4900	-2.19E-3	
51.4950	8.69E-3	51.4950	-2.19E-3	51.4950	8.69E-3	51.4950	-2.19E-3	
51.5000	8.68E-3	51.5000	-2.19E-3	51.5000	8.68E-3	51.5000	-2.19E-3	
51.5050	8.69E-3	51.5050	-2.19E-3	51.5050	8.69E-3	51.5050	-2.19E-3	
51.5100	8.69E-3	51.5100	-2.19E-3	51.5100	8.69E-3	51.5100	-2.19E-3	
51.5150	8.68E-3	51.5150	-2.19E-3	51.5150	8.68E-3	51.5150	-2.19E-3	
51.5200	8.69E-3	51.5200	-2.19E-3	51.5200	8.69E-3	51.5200	-2.19E-3	
51.5250	8.69E-3	51.5250	-2.19E-3	51.5250	8.69E-3	51.5250	-2.19E-3	
51.5300	8.69E-3	51.5300	-2.19E-3	51.5300	8.69E-3	51.5300	-2.19E-3	
51.5350	8.69E-3	51.5350	-2.19E-3	51.5350	8.69E-3	51.5350	-2.19E-3	
51.5400	8.69E-3	51.5400	-2.19E-3	51.5400	8.69E-3	51.5400	-2.19E-3	
51.5450	8.69E-3	51.5450	-2.19E-3	51.5450	8.69E-3	51.5450	-2.19E-3	
51.5500	8.69E-3	51.5500	-2.19E-3	51.5500	8.69E-3	51.5500	-2.19E-3	
51.5550	8.70E-3	51.5550	-2.19E-3	51.5550	8.70E-3	51.5550	-2.19E-3	
51.5600	8.71E-3	51.5600	-2.19E-3	51.5600	8.71E-3	51.5600	-2.19E-3	
51.5650	8.71E-3	51.5650	-2.19E-3	51.5650	8.71E-3	51.5650	-2.19E-3	
51.5700	8.70E-3	51.5700	-2.19E-3	51.5700	8.70E-3	51.5700	-2.19E-3	
51.5750	8.71E-3	51.5750	-2.19E-3	51.5750	8.71E-3	51.5750	-2.19E-3	
51.5800	8.70E-3	51.5800	-2.19E-3	51.5800	8.70E-3	51.5800	-2.19E-3	
51.5850	8.70E-3	51.5850	-2.19E-3	51.5850	8.70E-3	51.5850	-2.19E-3	
51.5900	8.70E-3	51.5900	-2.18E-3	51.5900	8.70E-3	51.5900	-2.18E-3	
51.5950	8.71E-3	51.5950	-2.18E-3	51.5950	8.71E-3	51.5950	-2.18E-3	
51.6000	8.71E-3	51.6000	-2.18E-3	51.6000	8.71E-3	51.6000	-2.18E-3	
51.6050	8.71E-3	51.6050	-2.19E-3	51.6050	8.71E-3	51.6050	-2.19E-3	
51.6100	8.71E-3	51.6100	-2.18E-3	51.6100	8.71E-3	51.6100	-2.18E-3	
51.6150	8.71E-3	51.6150	-2.19E-3	51.6150	8.71E-3	51.6150	-2.19E-3	
51.6200	8.71E-3	51.6200	-2.18E-3	51.6200	8.71E-3	51.6200	-2.18E-3	
51.6250	8.71E-3	51.6250	-2.19E-3	51.6250	8.71E-3	51.6250	-2.19E-3	
51.6300	8.71E-3	51.6300	-2.19E-3	51.6300	8.71E-3	51.6300	-2.19E-3	
51.6350	8.71E-3	51.6350	-2.18E-3	51.6350	8.71E-3	51.6350	-2.18E-3	
51.6400	8.71E-3	51.6400	-2.19E-3	51.6400	8.71E-3	51.6400	-2.19E-3	
51.6450	8.71E-3	51.6450	-2.18E-3	51.6450	8.71E-3	51.6450	-2.18E-3	
51.6500	8.72E-3	51.6500	-2.18E-3	51.6500	8.72E-3	51.6500	-2.18E-3	
51.6550	8.72E-3	51.6550	-2.19E-3	51.6550	8.72E-3	51.6550	-2.19E-3	
51.6600	8.72E-3	51.6600	-2.18E-3	51.6600	8.72E-3	51.6600	-2.18E-3	
51.6650	8.73E-3	51.6650	-2.18E-3	51.6650	8.73E-3	51.6650	-2.18E-3	
51.6700	8.74E-3	51.6700	-2.18E-3	51.6700	8.74E-3	51.6700	-2.18E-3	
51.6750	8.74E-3	51.6750	-2.18E-3	51.6750	8.74E-3	51.6750	-2.18E-3	
51.6800	8.74E-3	51.6800	-2.19E-3	51.6800	8.74E-3	51.6800	-2.19E-3	
51.6850	8.74E-3	51.6850	-2.18E-3	51.6850	8.74E-3	51.6850	-2.18E-3	
51.6900	8.75E-3	51.6900	-2.19E-3	51.6900	8.75E-3	51.6900	-2.19E-3	
51.6950	8.75E-3	51.6950	-2.18E-3	51.6950	8.75E-3	51.6950	-2.18E-3	
51.7000	8.75E-3	51.7000	-2.19E-3	51.7000	8.75E-3	51.7000	-2.19E-3	
51.7050	8.75E-3	51.7050	-2.18E-3	51.7050	8.75E-3	51.7050	-2.18E-3	
51.7100	8.75E-3	51.7100	-2.18E-3	51.7100	8.75E-3	51.7100	-2.18E-3	
51.7150	8.76E-3	51.7150	-2.18E-3	51.7150	8.76E-3	51.7150	-2.18E-3	
51.7200	8.76E-3	51.7200	-2.18E-3	51.7200	8.76E-3	51.7200	-2.18E-3	
51.7250	8.76E-3	51.7250	-2.18E-3	51.7250	8.76E-3	51.7250	-2.18E-3	
51.7300	8.75E-3	51.7300	-2.18E-3	51.7300	8.75E-3	51.7300	-2.18E-3	
51.7350	8.76E-3	51.7350	-2.18E-3	51.7350	8.76E-3	51.7350	-2.18E-3	
51.7400	8.77E-3	51.7400	-2.18E-3	51.7400	8.77E-3	51.7400	-2.18E-3	
51.7450	8.77E-3	51.7450	-2.18E-3	51.7450	8.77E-3	51.7450	-2.18E-3	
51.7500	8.78E-3	51.7500	-2.18E-3	51.7500	8.78E-3	51.7500	-2.18E-3	
51.7550	8.79E-3	51.7550	-2.18E-3	51.7550	8.79E-3	51.7550	-2.18E-3	
51.7600	8.79E-3	51.7600	-2.18E-3	51.7600	8.79E-3	51.7600	-2.18E-3	
51.7650	8.80E-3	51.7650	-2.18E-3	51.7650	8.80E-3	51.7650	-2.18E-3	
51.7700	8.81E-3	51.7700	-2.18E-3	51.7700	8.81E-3	51.7700	-2.18E-3	
51.7750	8.82E-3	51.7750	-2.18E-3	51.7750	8.82E-3	51.7750	-2.18E-3	
51.7800	8.83E-3	51.7800	-2.18E-3	51.7800	8.83E-3	51.7800	-2.18E-3	
51.7850	8.82E-3	51.7850	-2.17E-3	51.7850	8.82E-3	51.7850	-2.17E-3	
51.7900	8.84E-3	51.7900	-2.18E-3	51.7900	8.84E-3	51.7900	-2.18E-3	
51.7950	8.86E-3	51.7950	-2.18E-3	51.7950	8.86E-3	51.7950	-2.18E-3	
51.8000	8.86E-3	51.8000	-2.18E-3	51.8000	8.86E-3	51.8000	-2.18E-3	
51.8050	8.87E-3	51.8050	-2.17E-3	51.8050	8.87E-3	51.8050	-2.17E-3	
51.8100	8.87E-3	51.8100	-2.18E-3	51.8100	8.87E-3	51.8100	-2.18E-3	
51.8150	8.87E-3	51.8150	-2.18E-3	51.8150	8.87E-3	51.8150	-2.18E-3	
51.8200	8.88E-3	51.8200	-2.18E-3	51.8200	8.88E-3	51.8200	-2.18E-3	
51.8250	8.90E-3	51.8250	-2.17E-3	51.8250	8.90E-3	51.8250	-2.17E-3	
51.8300	8.91E-3	51.8300	-2.17E-3	51.8300	8.91E-3	51.8300	-2.17E-3	
51.8350	8.93E-3	51.8350	-2.17E-3	51.8350	8.93E-3	51.8350	-2.17E-3	
51.8400	8.93E-3	51.8400	-2.17E-3	51.8400	8.93E-3	51.8400	-2.17E-3	
51.8450	8.95E-3	51.8450	-2.17E-3	51.8450	8.95E-3	51.8450	-2.17E-3	
51.8500	8.96E-3	51.8500	-2.17E-3	51.8500	8.96E-3	51.8500	-2.17E-3	
51.8550	8.98E-3	51.8550	-2.17E-3	51.8550	8.98E-3	51.8550	-2.17E-3	
51.8600	9.00E-3	51.8600	-2.17E-3	51.8600	9.00E-3	51.8600	-2.17E-3	
51.8650	9.00E-3	51.8650	-2.16E-3	51.8650	9.00E-3	51.8650	-2.16E-3	
51.8700	9.01E-3	51.8700	-2.16E-3	51.8700	9.01E-3	51.8700	-2.16E-3	
51.8750	9.03E-3	51.8750	-2.16E-3	51.8750	9.03E-3	51.8750	-2.16E-3	
51.8800	9.04E-3	51.8800	-2.16E-3	51.8800	9.04E-3	51.8800	-2.16E-3	
51.8850	9.05E-3	51.8850	-2.16E-3	51.8850	9.05E-3	51.8850	-2.16E-3	
51.8900	9.07E-3	51.8900	-2.16E-3	51.8900	9.07E-3	51.8900	-2.16E-3	
51.8950	9.08E-3	51.8950	-2.16E-3	51.8950	9.08E-3	51.8950	-2.16E-3	
51.9000	9.09E-3	51.9000	-2.15E-3	51.9000	9.09E-3	51.9000	-2.15E-3	
51.9050	9.12E-3	51.9050	-2.15E-3	51.9050	9.12E-3	51.9050	-2.15E-3	
51.9100	9.14E-3	51.9100	-2.15E-3	51.9100	9.14E-3	51.9100	-2.15E-3	
51.9150	9.15E-3	51.9150	-2.14E-3	51.9150	9.15E-3	51.9150	-2.14E-3	
51.9200	9.16E-3	51.9200	-2.15E-3	51.9200	9.16E-3	51.9200	-2.15E-3	
51.9250	9.17E-3	51.9250	-2.15E-3	51.9250	9.17E-3	51.9250	-2.15E-3	
51.9300	9.19E-3	51.9300	-2.14E-3	51.9300	9.19E-3	51.9300	-2.14E-3	
51.9350	9.20E-3	51.9350	-2.14E-3	51.9350	9.20E-3	51.9350	-2.14E-3	
51.9400	9.22E-3	51.9400	-2.14E-3	51.9400	9.22E-3	51.9400	-2.14E-3	
51.9450	9.23E-3	51.9450	-2.14E-3	51.9450	9.23E-3	51.9450	-2.14E-3	
51.9500	9.24E-3	51.9500	-2.14E-3	51.9500	9.24E-3	51.9500	-2.14E-3	
51.9550	9.28E-3	51.9550	-2.14E-3	51.9550	9.28E-3	51.9550	-2.14E-3	
51.9600	9.30E-3	51.9600	-2.13E-3	51.9600	9.30E-3	51.9600	-2.13E-3	
51.9650	9.33E-3	51.9650	-2.13E-3	51.9650	9.33E-3	51.9650	-2.13E-3	
51.9700	9.36E-3	51.9700	-2.13E-3	51.9700	9.36E-3	51.9700	-2.13E-3	
51.9750	9.39E-3	51.9750	-2.13E-3	51.9750	9.39E-3	51.9750	-2.13E-3	
51.9800	9.44E-3	51.9800	-2.12E-3	51.9800	9.44E-3	51.9800	-2.12E-3	
51.9850	9.47E-3	51.9850	-2.12E-3	51.9850	9.47E-3	51.9850	-2.12E-3	
51.9900	9.49E-3	51.9900	-2.11E-3	51.9900	9.49E-3	51.9900	-2.11E-3	
51.9950	9.52E-3	51.9950	-2.11E-3	51.9950	9.52E-3	51.9950	-2.11E-3	
52.0000	9.56E-3	52.0000	-2.10E-3	52.0000	9.56E-3	52.0000	-2.10E-3	
52.0050	9.62E-3	52.0050	-2.10E-3	52.0050	9.62E-3	52.0050	-2.10E-3	
52.0100	9.64E-3	52.0100	-2.09E-3	52.0100	9.64E-3	52.0100	-2.09E-3	
52.0150	9.68E-3	52.0150	-2.09E-3	52.0150	9.68E-3	52.0150	-2.09E-3	
52.0200	9.73E-3	52.0200	-2.08E-3	52.0200	9.73E-3	52.0200	-2.08E-3	
52.0250	9.77E-3	52.0250	-2.08E-3	52.0250	9.77E-3	52.0250	-2.08E-3	
52.0300	9.81E-3	52.0300	-2.07E-3	52.0300	9.81E-3	52.0300	-2.07E-3	
52.0350	9.84E-3	52.0350	-2.07E-3	52.0350	9.84E-3	52.0350	-2.07E-3	
52.0400	9.90E-3	52.0400	-2.06E-3	52.0400	9.90E-3	52.0400	-2.06E-3	
52.0450	9.93E-3	52.0450	-2.06E-3	52.0450	9.93E-3	52.0450	-2.06E-3	
52.0500	9.97E-3	52.0500	-2.05E-3	52.0500	9.97E-3	52.0500	-2.05E-3	
52.0550	1.00E-2	52.0550	-2.04E-3	52.0550	1.00E-2	52.0550	-2.04E-3	
52.0600	1.00E-2	52.0600	-2.04E-3	52.0600	1.00E-2	52.0600	-2.04E-3	
52.0650	1.00E-2	52.0650	-2.04E-3	52.0650	1.00E-2	52.0650	-2.04E-3	
52.0700	1.00E-2	52.0700	-2.04E-3	52.0700	1.00E-2	52.0700	-2.04E-3	
52.0750	1.00E-2	52.0750	-2.04E-3	52.0750	1.00E-2	52.0750	-2.04E-3	
52.0800	1.00E-2	52.0800	-2.04E-3	52.0800	1.00E-2	52.0800	-2.04E-3	
52.0850	9.99E-3	52.0850	-2.04E-3	52.0850	9.99E-3	52.0850	-2.04E-3	
52.0900	9.95E-3	52.0900	-2.05E-3	52.0900	9.95E-3	52.0900	-2.05E-3	
52.0950	9.92E-3	52.0950	-2.05E-3	52.0950	9.92E-3	52.0950	-2.05E-3	
52.1000	9.86E-3	52.1000	-2.06E-3	52.1000	9.86E-3	52.1000	-2.06E-3	
52.1050	9.82E-3	52.1050	-2.07E-3	52.1050	9.82E-3	52.1050	-2.07E-3	
52.1100	9.74E-3	52.1100	-2.08E-3	52.1100	9.74E-3	52.1100	-2.08E-3	
52.1150	9.69E-3	52.1150	-2.09E-3	52.1150	9.69E-3	52.1150	-2.09E-3	
52.1200	9.61E-3	52.1200	-2.10E-3	52.1200	9.61E-3	52.1200	-2.10E-3	
52.1250	9.57E-3	52.1250	-2.10E-3	52.1250	9.57E-3	52.1250	-2.10E-3	
52.1300	9.53E-3	52.1300	-2.11E-3	52.1300	9.53E-3	52.1300	-2.11E-3	
52.1350	9.52E-3	52.1350	-2.11E-3	52.1350	9.52E-3	52.1350	-2.11E-3	
52.1400	9.53E-3	52.1400	-2.10E-3	52.1400	9.53E-3	52.1400	-2.10E-3	
52.1450	9.61E-3	52.1450	-2.09E-3	52.1450	9.61E-3	52.1450	-2.09E-3	
52.1500	9.81E-3	52.1500	-2.06E-3	52.1500	9.81E-3	52.1500	-2.06E-3	
52.1550	9.94E-3	52.1550	-2.04E-3	52.1550	9.94E-3	52.1550	-2.04E-3	
52.1600	1.03E-2	52.1600	-1.99E-3	52.1600	1.03E-2	52.1600	-1.99E-3	
52.1650	1.06E-2	52.1650	-1.94E-3	52.1650	1.06E-2	52.1650	-1.94E-3	
52.1700	1.12E-2	52.1700	-1.81E-3	52.1700	1.12E-2	52.1700	-1.81E-3	
52.1750	1.15E-2	52.1750	-1.74E-3	52.1750	1.15E-2	52.1750	-1.74E-3	
52.1800	1.21E-2	52.1800	-1.59E-3	52.1800	1.21E-2	52.1800	-1.59E-3	
52.1850	1.28E-2	52.1850	-1.40E-3	52.1850	1.28E-2	52.1850	-1.40E-3	
52.1900	1.36E-2	52.1900	-1.12E-3	52.1900	1.36E-2	52.1900	-1.12E-3	
52.1950	1.40E-2	52.1950	-9.75E-4	52.1950	1.40E-2	52.1950	-9.75E-4	
52.2000	1.48E-2	52.2000	-7.06E-4	52.2000	1.48E-2	52.2000	-7.06E-4	
52.2050	1.52E-2	52.2050	-5.42E-4	52.2050	1.52E-2	52.2050	-5.42E-4	
52.2100	1.56E-2	52.2100	-3.57E-4	52.2100	1.56E-2	52.2100	-3.57E-4	
52.2150	1.60E-2	52.2150	-1.79E-4	52.2150	1.60E-2	52.2150	-1.79E-4	
52.2200	1.63E-2	52.2200	-4.77E-5	52.2200	1.63E-2	52.2200	-4.77E-5	
52.2250	1.64E-2	52.2250	0.00E+0	52.2250	1.64E-2	52.2250	0.00E+0	
52.2300	1.64E-2	52.2300	0.00E+0	52.2300	1.64E-2	52.2300	0.00E+0	
52.2350	1.63E-2	52.2350	-5.72E-5	52.2350	1.63E-2	52.2350	-5.72E-5	
52.2400	1.61E-2	52.2400	-1.53E-4	52.2400	1.61E-2	52.2400	-1.53E-4	
52.2450	1.58E-2	52.2450	-3.19E-4	52.2450	1.58E-2	52.2450	-3.19E-4	
52.2500	1.53E-2	52.2500	-5.15E-4	52.2500	1.53E-2	52.2500	-5.15E-4	
52.2550	1.47E-2	52.2550	-7.38E-4	52.2550	1.47E-2	52.2550	-7.38E-4	
52.2600	1.41E-2	52.2600	-9.98E-4	52.2600	1.41E-2	52.2600	-9.98E-4	
52.2650	1.35E-2	52.2650	-1.19E-3	52.2650	1.35E-2	52.2650	-1.19E-3	
52.2700	1.29E-2	52.2700	-1.38E-3	52.2700	1.29E-2	52.2700	-1.38E-3	
52.2750	1.23E-2	52.2750	-1.56E-3	52.2750	1.23E-2	52.2750	-1.56E-3	
52.2800	1.17E-2	52.2800	-1.70E-3	52.2800	1.17E-2	52.2800	-1.70E-3	
52.2850	1.11E-2	52.2850	-1.83E-3	52.2850	1.11E-2	52.2850	-1.83E-3	
52.2900	1.06E-2	52.2900	-1.93E-3	52.2900	1.06E-2	52.2900	-1.93E-3	
52.2950	1.03E-2	52.2950	-1.99E-3	52.2950	1.03E-2	52.2950	-1.99E-3	
52.3000	9.97E-3	52.3000	-2.03E-3	52.3000	9.97E-3	52.3000	-2.03E-3	
52.3050	9.73E-3	52.3050	-2.06E-3	52.3050	9.73E-3	52.3050	-2.06E-3	
52.3100	9.58E-3	52.3100	-2.08E-3	52.3100	9.58E-3	52.3100	-2.08E-3	
52.3150	9.49E-3	52.3150	-2.09E-3	52.3150	9.49E-3	52.3150	-2.09E-3	
52.3200	9.46E-3	52.3200	-2.10E-3	52.3200	9.46E-3	52.3200	-2.10E-3	
52.3250	9.47E-3	52.3250	-2.10E-3	52.3250	9.47E-3	52.3250	-2.10E-3	
52.3300	9.50E-3	52.3300	-2.09E-3	52.3300	9.50E-3	52.3300	-2.09E-3	
52.3350	9.54E-3	52.3350	-2.09E-3	52.3350	9.54E-3	52.3350	-2.09E-3	
52.3400	9.63E-3	52.3400	-2.07E-3	52.3400	9.63E-3	52.3400	-2.07E-3	
52.3450	9.68E-3	52.3450	-2.07E-3	52.3450	9.68E-3	52.3450	-2.07E-3	
52.3500	9.81E-3	52.3500	-2.05E-3	52.3500	9.81E-3	52.3500	-2.05E-3	
52.3550	9.85E-3	52.3550	-2.04E-3	52.3550	9.85E-3	52.3550	-2.04E-3	
52.3600	9.90E-3	52.3600	-2.04E-3	52.3600	9.90E-3	52.3600	-2.04E-3	
52.3650	9.95E-3	52.3650	-2.03E-3	52.3650	9.95E-3	52.3650	-2.03E-3	
52.3700	9.99E-3	52.3700	-2.03E-3	52.3700	9.99E-3	52.3700	-2.03E-3	
52.3750	1.00E-2	52.3750	-2.02E-3	52.3750	1.00E-2	52.3750	-2.02E-3	
52.3800	1.00E-2	52.3800	-2.02E-3	52.3800	1.00E-2	52.3800	-2.02E-3	
52.3850	1.00E-2	52.3850	-2.02E-3	52.3850	1.00E-2	52.3850	-2.02E-3	
52.3900	1.00E-2	52.3900	-2.02E-3	52.3900	1.00E-2	52.3900	-2.02E-3	
52.3950	1.00E-2	52.3950	-2.02E-3	52.3950	1.00E-2	52.3950	-2.02E-3	
52.4000	1.00E-2	52.4000	-2.03E-3	52.4000	1.00E-2	52.4000	-2.03E-3	
52.4050	9.99E-3	52.4050	-2.03E-3	52.4050	9.99E-3	52.4050	-2.03E-3	
52.4100	9.98E-3	52.4100	-2.03E-3	52.4100	9.98E-3	52.4100	-2.03E-3	
52.4150	9.94E-3	52.4150	-2.04E-3	52.4150	9.94E-3	52.4150	-2.04E-3	
52.4200	9.91E-3	52.4200	-2.04E-3	52.4200	9.91E-3	52.4200	-2.04E-3	
52.4250	9.88E-3	52.4250	-2.05E-3	52.4250	9.88E-3	52.4250	-2.05E-3	
52.4300	9.84E-3	52.4300	-2.05E-3	52.4300	9.84E-3	52.4300	-2.05E-3	
52.4350	9.79E-3	52.4350	-2.05E-3	52.4350	9.79E-3	52.4350	-2.05E-3	
52.4400	9.75E-3	52.4400	-2.06E-3	52.4400	9.75E-3	52.4400	-2.06E-3	
52.4450	9.71E-3	52.4450	-2.07E-3	52.4450	9.71E-3	52.4450	-2.07E-3	
52.4500	9.69E-3	52.4500	-2.07E-3	52.4500	9.69E-3	52.4500	-2.07E-3	
52.4550	9.65E-3	52.4550	-2.08E-3	52.4550	9.65E-3	52.4550	-2.08E-3	
52.4600	9.60E-3	52.4600	-2.08E-3	52.4600	9.60E-3	52.4600	-2.08E-3	
52.4650	9.57E-3	52.4650	-2.09E-3	52.4650	9.57E-3	52.4650	-2.09E-3	
52.4700	9.53E-3	52.4700	-2.10E-3	52.4700	9.53E-3	52.4700	-2.10E-3	
52.4750	9.51E-3	52.4750	-2.10E-3	52.4750	9.51E-3	52.4750	-2.10E-3	
52.4800	9.49E-3	52.4800	-2.10E-3	52.4800	9.49E-3	52.4800	-2.10E-3	
52.4850	9.45E-3	52.4850	-2.10E-3	52.4850	9.45E-3	52.4850	-2.10E-3	
52.4900	9.43E-3	52.4900	-2.11E-3	52.4900	9.43E-3	52.4900	-2.11E-3	
52.4950	9.41E-3	52.4950	-2.11E-3	52.4950	9.41E-3	52.4950	-2.11E-3	
52.5000	9.40E-3	52.5000	-2.11E-3	52.5000	9.40E-3	52.5000	-2.11E-3	
52.5050	9.37E-3	52.5050	-2.11E-3	52.5050	9.37E-3	52.5050	-2.11E-3	
52.5100	9.37E-3	52.5100	-2.12E-3	52.5100	9.37E-3	52.5100	-2.12E-3	
52.5150	9.36E-3	52.5150	-2.12E-3	52.5150	9.36E-3	52.5150	-2.12E-3	
52.5200	9.34E-3	52.5200	-2.12E-3	52.5200	9.34E-3	52.5200	-2.12E-3	
52.5250	9.32E-3	52.5250	-2.12E-3	52.5250	9.32E-3	52.5250	-2.12E-3	
52.5300	9.30E-3	52.5300	-2.12E-3	52.5300	9.30E-3	52.5300	-2.12E-3	
52.5350	9.29E-3	52.5350	-2.12E-3	52.5350	9.29E-3	52.5350	-2.12E-3	
52.5400	9.27E-3	52.5400	-2.13E-3	52.5400	9.27E-3	52.5400	-2.13E-3	
52.5450	9.27E-3	52.5450	-2.13E-3	52.5450	9.27E-3	52.5450	-2.13E-3	
52.5500	9.25E-3	52.5500	-2.13E-3	52.5500	9.25E-3	52.5500	-2.13E-3	
52.5550	9.24E-3	52.5550	-2.13E-3	52.5550	9.24E-3	52.5550	-2.13E-3	
52.5600	9.23E-3	52.5600	-2.14E-3	52.5600	9.23E-3	52.5600	-2.14E-3	
52.5650	9.22E-3	52.5650	-2.13E-3	52.5650	9.22E-3	52.5650	-2.13E-3	
52.5700	9.21E-3	52.5700	-2.14E-3	52.5700	9.21E-3	52.5700	-2.14E-3	
52.5750	9.20E-3	52.5750	-2.14E-3	52.5750	9.20E-3	52.5750	-2.14E-3	
52.5800	9.18E-3	52.5800	-2.14E-3	52.5800	9.18E-3	52.5800	-2.14E-3	
52.5850	9.16E-3	52.5850	-2.15E-3	52.5850	9.16E-3	52.5850	-2.15E-3	
52.5900	9.15E-3	52.5900	-2.15E-3	52.5900	9.15E-3	52.5900	-2.15E-3	
52.5950	9.14E-3	52.5950	-2.15E-3	52.5950	9.14E-3	52.5950	-2.15E-3	
52.6000	9.13E-3	52.6000	-2.15E-3	52.6000	9.13E-3	52.6000	-2.15E-3	
52.6050	9.12E-3	52.6050	-2.15E-3	52.6050	9.12E-3	52.6050	-2.15E-3	
52.6100	9.11E-3	52.6100	-2.15E-3	52.6100	9.11E-3	52.6100	-2.15E-3	
52.6150	9.10E-3	52.6150	-2.15E-3	52.6150	9.10E-3	52.6150	-2.15E-3	
52.6200	9.10E-3	52.6200	-2.15E-3	52.6200	9.10E-3	52.6200	-2.15E-3	
52.6250	9.09E-3	52.6250	-2.15E-3	52.6250	9.09E-3	52.6250	-2.15E-3	
52.6300	9.08E-3	52.6300	-2.15E-3	52.6300	9.08E-3	52.6300	-2.15E-3	
52.6350	9.06E-3	52.6350	-2.15E-3	52.6350	9.06E-3	52.6350	-2.15E-3	
52.6400	9.05E-3	52.6400	-2.16E-3	52.6400	9.05E-3	52.6400	-2.16E-3	
52.6450	9.04E-3	52.6450	-2.15E-3	52.6450	9.04E-3	52.6450	-2.15E-3	
52.6500	9.03E-3	52.6500	-2.15E-3	52.6500	9.03E-3	52.6500	-2.15E-3	
52.6550	9.01E-3	52.6550	-2.16E-3	52.6550	9.01E-3	52.6550	-2.16E-3	
52.6600	9.00E-3	52.6600	-2.16E-3	52.6600	9.00E-3	52.6600	-2.16E-3	
52.6650	9.00E-3	52.6650	-2.16E-3	52.6650	9.00E-3	52.6650	-2.16E-3	
52.6700	8.99E-3	52.6700	-2.16E-3	52.6700	8.99E-3	52.6700	-2.16E-3	
52.6750	8.98E-3	52.6750	-2.16E-3	52.6750	8.98E-3	52.6750	-2.16E-3	
52.6800	8.97E-3	52.6800	-2.16E-3	52.6800	8.97E-3	52.6800	-2.16E-3	
52.6850	8.97E-3	52.6850	-2.16E-3	52.6850	8.97E-3	52.6850	-2.16E-3	
52.6900	8.96E-3	52.6900	-2.16E-3	52.6900	8.96E-3	52.6900	-2.16E-3	
52.6950	8.95E-3	52.6950	-2.16E-3	52.6950	8.95E-3	52.6950	-2.16E-3	
52.7000	8.95E-3	52.7000	-2.16E-3	52.7000	8.95E-3	52.7000	-2.16E-3	
52.7050	8.94E-3	52.7050	-2.16E-3	52.7050	8.94E-3	52.7050	-2.16E-3	
52.7100	8.93E-3	52.7100	-2.16E-3	52.7100	8.93E-3	52.7100	-2.16E-3	
52.7150	8.92E-3	52.7150	-2.16E-3	52.7150	8.92E-3	52.7150	-2.16E-3	
52.7200	8.92E-3	52.7200	-2.17E-3	52.7200	8.92E-3	52.7200	-2.17E-3	
52.7250	8.90E-3	52.7250	-2.17E-3	52.7250	8.90E-3	52.7250	-2.17E-3	
52.7300	8.90E-3	52.7300	-2.17E-3	52.7300	8.90E-3	52.7300	-2.17E-3	
52.7350	8.89E-3	52.7350	-2.17E-3	52.7350	8.89E-3	52.7350	-2.17E-3	
52.7400	8.88E-3	52.7400	-2.17E-3	52.7400	8.88E-3	52.7400	-2.17E-3	
52.7450	8.87E-3	52.7450	-2.17E-3	52.7450	8.87E-3	52.7450	-2.17E-3	
52.7500	8.87E-3	52.7500	-2.17E-3	52.7500	8.87E-3	52.7500	-2.17E-3	
52.7550	8.86E-3	52.7550	-2.17E-3	52.7550	8.86E-3	52.7550	-2.17E-3	
52.7600	8.87E-3	52.7600	-2.17E-3	52.7600	8.87E-3	52.7600	-2.17E-3	
52.7650	8.86E-3	52.7650	-2.17E-3	52.7650	8.86E-3	52.7650	-2.17E-3	
52.7700	8.85E-3	52.7700	-2.17E-3	52.7700	8.85E-3	52.7700	-2.17E-3	
52.7750	8.84E-3	52.7750	-2.17E-3	52.7750	8.84E-3	52.7750	-2.17E-3	
52.7800	8.83E-3	52.7800	-2.17E-3	52.7800	8.83E-3	52.7800	-2.17E-3	
52.7850	8.82E-3	52.7850	-2.17E-3	52.7850	8.82E-3	52.7850	-2.17E-3	
52.7900	8.81E-3	52.7900	-2.17E-3	52.7900	8.81E-3	52.7900	-2.17E-3	
52.7950	8.81E-3	52.7950	-2.18E-3	52.7950	8.81E-3	52.7950	-2.18E-3	
52.8000	8.81E-3	52.8000	-2.18E-3	52.8000	8.81E-3	52.8000	-2.18E-3	
52.8050	8.81E-3	52.8050	-2.18E-3	52.8050	8.81E-3	52.8050	-2.18E-3	
52.8100	8.81E-3	52.8100	-2.18E-3	52.8100	8.81E-3	52.8100	-2.18E-3	
52.8150	8.79E-3	52.8150	-2.18E-3	52.8150	8.79E-3	52.8150	-2.18E-3	
52.8200	8.79E-3	52.8200	-2.18E-3	52.8200	8.79E-3	52.8200	-2.18E-3	
52.8250	8.78E-3	52.8250	-2.18E-3	52.8250	8.78E-3	52.8250	-2.18E-3	
52.8300	8.78E-3	52.8300	-2.19E-3	52.8300	8.78E-3	52.8300	-2.19E-3	
52.8350	8.78E-3	52.8350	-2.19E-3	52.8350	8.78E-3	52.8350	-2.19E-3	
52.8400	8.78E-3	52.8400	-2.18E-3	52.8400	8.78E-3	52.8400	-2.18E-3	
52.8450	8.76E-3	52.8450	-2.18E-3	52.8450	8.76E-3	52.8450	-2.18E-3	
52.8500	8.76E-3	52.8500	-2.18E-3	52.8500	8.76E-3	52.8500	-2.18E-3	
52.8550	8.75E-3	52.8550	-2.18E-3	52.8550	8.75E-3	52.8550	-2.18E-3	
52.8600	8.75E-3	52.8600	-2.18E-3	52.8600	8.75E-3	52.8600	-2.18E-3	
52.8650	8.75E-3	52.8650	-2.18E-3	52.8650	8.75E-3	52.8650	-2.18E-3	
52.8700	8.75E-3	52.8700	-2.18E-3	52.8700	8.75E-3	52.8700	-2.18E-3	
52.8750	8.75E-3	52.8750	-2.19E-3	52.8750	8.75E-3	52.8750	-2.19E-3	
52.8800	8.74E-3	52.8800	-2.18E-3	52.8800	8.74E-3	52.8800	-2.18E-3	
52.8850	8.75E-3	52.8850	-2.19E-3	52.8850	8.75E-3	52.8850	-2.19E-3	
52.8900	8.74E-3	52.8900	-2.19E-3	52.8900	8.74E-3	52.8900	-2.19E-3	
52.8950	8.74E-3	52.8950	-2.19E-3	52.8950	8.74E-3	52.8950	-2.19E-3	
52.9000	8.73E-3	52.9000	-2.19E-3	52.9000	8.73E-3	52.9000	-2.19E-3	
52.9050	8.73E-3	52.9050	-2.19E-3	52.9050	8.73E-3	52.9050	-2.19E-3	
52.9100	8.71E-3	52.9100	-2.19E-3	52.9100	8.71E-3	52.9100	-2.19E-3	
52.9150	8.70E-3	52.9150	-2.19E-3	52.9150	8.70E-3	52.9150	-2.19E-3	
52.9200	8.69E-3	52.9200	-2.19E-3	52.9200	8.69E-3	52.9200	-2.19E-3	
52.9250	8.70E-3	52.9250	-2.19E-3	52.9250	8.70E-3	52.9250	-2.19E-3	
52.9300	8.69E-3	52.9300	-2.18E-3	52.9300	8.69E-3	52.9300	-2.18E-3	
52.9350	8.69E-3	52.9350	-2.19E-3	52.9350	8.69E-3	52.9350	-2.19E-3	
52.9400	8.69E-3	52.9400	-2.18E-3	52.9400	8.69E-3	52.9400	-2.18E-3	
52.9450	8.69E-3	52.9450	-2.19E-3	52.9450	8.69E-3	52.9450	-2.19E-3	
52.9500	8.68E-3	52.9500	-2.19E-3	52.9500	8.68E-3	52.9500	-2.19E-3	
52.9550	8.67E-3	52.9550	-2.19E-3	52.9550	8.67E-3	52.9550	-2.19E-3	
52.9600	8.67E-3	52.9600	-2.19E-3	52.9600	8.67E-3	52.9600	-2.19E-3	
52.9650	8.68E-3	52.9650	-2.19E-3	52.9650	8.68E-3	52.9650	-2.19E-3	
52.9700	8.67E-3	52.9700	-2.19E-3	52.9700	8.67E-3	52.9700	-2.19E-3	
52.9750	8.67E-3	52.9750	-2.19E-3	52.9750	8.67E-3	52.9750	-2.19E-3	
52.9800	8.67E-3	52.9800	-2.19E-3	52.9800	8.67E-3	52.9800	-2.19E-3	
52.9850	8.66E-3	52.9850	-2.19E-3	52.9850	8.66E-3	52.9850	-2.19E-3	
52.9900	8.66E-3	52.9900	-2.19E-3	52.9900	8.66E-3	52.9900	-2.19E-3	
52.9950	8.65E-3	52.9950	-2.18E-3	52.9950	8.65E-3	52.9950	-2.18E-3	
53.0000	8.65E-3	53.0000	-2.19E-3	53.0000	8.65E-3	53.0000	-2.19E-3	
53.0050	8.65E-3	53.0050	-2.19E-3	53.0050	8.65E-3	53.0050	-2.19E-3	
53.0100	8.65E-3	53.0100	-2.19E-3	53.0100	8.65E-3	53.0100	-2.19E-3	
53.0150	8.65E-3	53.0150	-2.19E-3	53.0150	8.65E-3	53.0150	-2.19E-3	
53.0200	8.65E-3	53.0200	-2.19E-3	53.0200	8.65E-3	53.0200	-2.19E-3	
53.0250	8.65E-3	53.0250	-2.19E-3	53.0250	8.65E-3	53.0250	-2.19E-3	
53.0300	8.64E-3	53.0300	-2.19E-3	53.0300	8.64E-3	53.0300	-2.19E-3	
53.0350	8.64E-3	53.0350	-2.19E-3	53.0350	8.64E-3	53.0350	-2.19E-3	
53.0400	8.63E-3	53.0400	-2.19E-3	53.0400	8.63E-3	53.0400	-2.19E-3	
53.0450	8.63E-3	53.0450	-2.19E-3	53.0450	8.63E-3	53.0450	-2.19E-3	
53.0500	8.62E-3	53.0500	-2.19E-3	53.0500	8.62E-3	53.0500	-2.19E-3	
53.0550	8.62E-3	53.0550	-2.19E-3	53.0550	8.62E-3	53.0550	-2.19E-3	
53.0600	8.63E-3	53.0600	-2.19E-3	53.0600	8.63E-3	53.0600	-2.19E-3	
53.0650	8.63E-3	53.0650	-2.19E-3	53.0650	8.63E-3	53.0650	-2.19E-3	
53.0700	8.63E-3	53.0700	-2.19E-3	53.0700	8.63E-3	53.0700	-2.19E-3	
53.0750	8.63E-3	53.0750	-2.19E-3	53.0750	8.63E-3	53.0750	-2.19E-3	
53.0800	8.62E-3	53.0800	-2.19E-3	53.0800	8.62E-3	53.0800	-2.19E-3	
53.0850	8.62E-3	53.0850	-2.19E-3	53.0850	8.62E-3	53.0850	-2.19E-3	
53.0900	8.61E-3	53.0900	-2.19E-3	53.0900	8.61E-3	53.0900	-2.19E-3	
53.0950	8.61E-3	53.0950	-2.19E-3	53.0950	8.61E-3	53.0950	-2.19E-3	
53.1000	8.61E-3	53.1000	-2.19E-3	53.1000	8.61E-3	53.1000	-2.19E-3	
53.1050	8.60E-3	53.1050	-2.19E-3	53.1050	8.60E-3	53.1050	-2.19E-3	
53.1100	8.60E-3	53.1100	-2.19E-3	53.1100	8.60E-3	53.1100	-2.19E-3	
53.1150	8.59E-3	53.1150	-2.19E-3	53.1150	8.59E-3	53.1150	-2.19E-3	
53.1200	8.59E-3	53.1200	-2.19E-3	53.1200	8.59E-3	53.1200	-2.19E-3	
53.1250	8.60E-3	53.1250	-2.20E-3	53.1250	8.60E-3	53.1250	-2.20E-3	
53.1300	8.59E-3	53.1300	-2.20E-3	53.1300	8.59E-3	53.1300	-2.20E-3	
53.1350	8.59E-3	53.1350	-2.20E-3	53.1350	8.59E-3	53.1350	-2.20E-3	
53.1400	8.59E-3	53.1400	-2.20E-3	53.1400	8.59E-3	53.1400	-2.20E-3	
53.1450	8.58E-3	53.1450	-2.20E-3	53.1450	8.58E-3	53.1450	-2.20E-3	
53.1500	8.59E-3	53.1500	-2.20E-3	53.1500	8.59E-3	53.1500	-2.20E-3	
53.1550	8.59E-3	53.1550	-2.20E-3	53.1550	8.59E-3	53.1550	-2.20E-3	
53.1600	8.59E-3	53.1600	-2.20E-3	53.1600	8.59E-3	53.1600	-2.20E-3	
53.1650	8.59E-3	53.1650	-2.19E-3	53.1650	8.59E-3	53.1650	-2.19E-3	
53.1700	8.58E-3	53.1700	-2.20E-3	53.1700	8.58E-3	53.1700	-2.20E-3	
53.1750	8.59E-3	53.1750	-2.20E-3	53.1750	8.59E-3	53.1750	-2.20E-3	
53.1800	8.59E-3	53.1800	-2.20E-3	53.1800	8.59E-3	53.1800	-2.20E-3	
53.1850	8.58E-3	53.1850	-2.20E-3	53.1850	8.58E-3	53.1850	-2.20E-3	
53.1900	8.58E-3	53.1900	-2.20E-3	53.1900	8.58E-3	53.1900	-2.20E-3	
53.1950	8.58E-3	53.1950	-2.20E-3	53.1950	8.58E-3	53.1950	-2.20E-3	
53.2000	8.58E-3	53.2000	-2.20E-3	53.2000	8.58E-3	53.2000	-2.20E-3	
53.2050	8.57E-3	53.2050	-2.20E-3	53.2050	8.57E-3	53.2050	-2.20E-3	
53.2100	8.58E-3	53.2100	-2.20E-3	53.2100	8.58E-3	53.2100	-2.20E-3	
53.2150	8.57E-3	53.2150	-2.20E-3	53.2150	8.57E-3	53.2150	-2.20E-3	
53.2200	8.57E-3	53.2200	-2.20E-3	53.2200	8.57E-3	53.2200	-2.20E-3	
53.2250	8.57E-3	53.2250	-2.20E-3	53.2250	8.57E-3	53.2250	-2.20E-3	
53.2300	8.57E-3	53.2300	-2.20E-3	53.2300	8.57E-3	53.2300	-2.20E-3	
53.2350	8.57E-3	53.2350	-2.20E-3	53.2350	8.57E-3	53.2350	-2.20E-3	
53.2400	8.57E-3	53.2400	-2.20E-3	53.2400	8.57E-3	53.2400	-2.20E-3	
53.2450	8.57E-3	53.2450	-2.20E-3	53.2450	8.57E-3	53.2450	-2.20E-3	
53.2500	8.57E-3	53.2500	-2.20E-3	53.2500	8.57E-3	53.2500	-2.20E-3	
53.2550	8.57E-3	53.2550	-2.20E-3	53.2550	8.57E-3	53.2550	-2.20E-3	
53.2600	8.56E-3	53.2600	-2.20E-3	53.2600	8.56E-3	53.2600	-2.20E-3	
53.2650	8.56E-3	53.2650	-2.20E-3	53.2650	8.56E-3	53.2650	-2.20E-3	
53.2700	8.56E-3	53.2700	-2.20E-3	53.2700	8.56E-3	53.2700	-2.20E-3	
53.2750	8.56E-3	53.2750	-2.20E-3	53.2750	8.56E-3	53.2750	-2.20E-3	
53.2800	8.56E-3	53.2800	-2.20E-3	53.2800	8.56E-3	53.2800	-2.20E-3	
53.2850	8.56E-3	53.2850	-2.20E-3	53.2850	8.56E-3	53.2850	-2.20E-3	
53.2900	8.56E-3	53.2900	-2.20E-3	53.2900	8.56E-3	53.2900	-2.20E-3	
53.2950	8.56E-3	53.2950	-2.20E-3	53.2950	8.56E-3	53.2950	-2.20E-3	
53.3000	8.56E-3	53.3000	-2.20E-3	53.3000	8.56E-3	53.3000	-2.20E-3	
53.3050	8.57E-3	53.3050	-2.20E-3	53.3050	8.57E-3	53.3050	-2.20E-3	
53.3100	8.55E-3	53.3100	-2.20E-3	53.3100	8.55E-3	53.3100	-2.20E-3	
53.3150	8.55E-3	53.3150	-2.20E-3	53.3150	8.55E-3	53.3150	-2.20E-3	
53.3200	8.54E-3	53.3200	-2.20E-3	53.3200	8.54E-3	53.3200	-2.20E-3	
53.3250	8.55E-3	53.3250	-2.20E-3	53.3250	8.55E-3	53.3250	-2.20E-3	
53.3300	8.55E-3	53.3300	-2.20E-3	53.3300	8.55E-3	53.3300	-2.20E-3	
53.3350	8.55E-3	53.3350	-2.20E-3	53.3350	8.55E-3	53.3350	-2.20E-3	
53.3400	8.55E-3	53.3400	-2.20E-3	53.3400	8.55E-3	53.3400	-2.20E-3	
53.3450	8.55E-3	53.3450	-2.20E-3	53.3450	8.55E-3	53.3450	-2.20E-3	
53.3500	8.54E-3	53.3500	-2.20E-3	53.3500	8.54E-3	53.3500	-2.20E-3	
53.3550	8.54E-3	53.3550	-2.20E-3	53.3550	8.54E-3	53.3550	-2.20E-3	
53.3600	8.54E-3	53.3600	-2.20E-3	53.3600	8.54E-3	53.3600	-2.20E-3	
53.3650	8.55E-3	53.3650	-2.20E-3	53.3650	8.55E-3	53.3650	-2.20E-3	
53.3700	8.54E-3	53.3700	-2.20E-3	53.3700	8.54E-3	53.3700	-2.20E-3	
53.3750	8.54E-3	53.3750	-2.20E-3	53.3750	8.54E-3	53.3750	-2.20E-3	
53.3800	8.55E-3	53.3800	-2.20E-3	53.3800	8.55E-3	53.3800	-2.20E-3	
53.3850	8.55E-3	53.3850	-2.20E-3	53.3850	8.55E-3	53.3850	-2.20E-3	
53.3900	8.54E-3	53.3900	-2.20E-3	53.3900	8.54E-3	53.3900	-2.20E-3	
53.3950	8.55E-3	53.3950	-2.19E-3	53.3950	8.55E-3	53.3950	-2.19E-3	
53.4000	8.54E-3	53.4000	-2.20E-3	53.4000	8.54E-3	53.4000	-2.20E-3	
53.4050	8.54E-3	53.4050	-2.20E-3	53.4050	8.54E-3	53.4050	-2.20E-3	
53.4100	8.54E-3	53.4100	-2.20E-3	53.4100	8.54E-3	53.4100	-2.20E-3	
53.4150	8.53E-3	53.4150	-2.20E-3	53.4150	8.53E-3	53.4150	-2.20E-3	
53.4200	8.54E-3	53.4200	-2.20E-3	53.4200	8.54E-3	53.4200	-2.20E-3	
53.4250	8.54E-3	53.4250	-2.20E-3	53.4250	8.54E-3	53.4250	-2.20E-3	
53.4300	8.53E-3	53.4300	-2.20E-3	53.4300	8.53E-3	53.4300	-2.20E-3	
53.4350	8.53E-3	53.4350	-2.20E-3	53.4350	8.53E-3	53.4350	-2.20E-3	
53.4400	8.54E-3	53.4400	-2.20E-3	53.4400	8.54E-3	53.4400	-2.20E-3	
53.4450	8.53E-3	53.4450	-2.20E-3	53.4450	8.53E-3	53.4450	-2.20E-3	
53.4500	8.53E-3	53.4500	-2.20E-3	53.4500	8.53E-3	53.4500	-2.20E-3	
53.4550	8.53E-3	53.4550	-2.20E-3	53.4550	8.53E-3	53.4550	-2.20E-3	
53.4600	8.53E-3	53.4600	-2.20E-3	53.4600	8.53E-3	53.4600	-2.20E-3	
53.4650	8.53E-3	53.4650	-2.20E-3	53.4650	8.53E-3	53.4650	-2.20E-3	
53.4700	8.54E-3	53.4700	-2.20E-3	53.4700	8.54E-3	53.4700	-2.20E-3	
53.4750	8.54E-3	53.4750	-2.20E-3	53.4750	8.54E-3	53.4750	-2.20E-3	
53.4800	8.53E-3	53.4800	-2.20E-3	53.4800	8.53E-3	53.4800	-2.20E-3	
53.4850	8.54E-3	53.4850	-2.20E-3	53.4850	8.54E-3	53.4850	-2.20E-3	
53.4900	8.54E-3	53.4900	-2.20E-3	53.4900	8.54E-3	53.4900	-2.20E-3	
53.4950	8.54E-3	53.4950	-2.20E-3	53.4950	8.54E-3	53.4950	-2.20E-3	
53.5000	8.54E-3	53.5000	-2.20E-3	53.5000	8.54E-3	53.5000	-2.20E-3	
53.5050	8.54E-3	53.5050	-2.20E-3	53.5050	8.54E-3	53.5050	-2.20E-3	
53.5100	8.53E-3	53.5100	-2.20E-3	53.5100	8.53E-3	53.5100	-2.20E-3	
53.5150	8.54E-3	53.5150	-2.20E-3	53.5150	8.54E-3	53.5150	-2.20E-3	
53.5200	8.53E-3	53.5200	-2.20E-3	53.5200	8.53E-3	53.5200	-2.20E-3	
53.5250	8.53E-3	53.5250	-2.20E-3	53.5250	8.53E-3	53.5250	-2.20E-3	
53.5300	8.53E-3	53.5300	-2.20E-3	53.5300	8.53E-3	53.5300	-2.20E-3	
53.5350	8.53E-3	53.5350	-2.20E-3	53.5350	8.53E-3	53.5350	-2.20E-3	
53.5400	8.53E-3	53.5400	-2.20E-3	53.5400	8.53E-3	53.5400	-2.20E-3	
53.5450	8.53E-3	53.5450	-2.20E-3	53.5450	8.53E-3	53.5450	-2.20E-3	
53.5500	8.52E-3	53.5500	-2.20E-3	53.5500	8.52E-3	53.5500	-2.20E-3	
53.5550	8.53E-3	53.5550	-2.20E-3	53.5550	8.53E-3	53.5550	-2.20E-3	
53.5600	8.53E-3	53.5600	-2.20E-3	53.5600	8.53E-3	53.5600	-2.20E-3	
53.5650	8.53E-3	53.5650	-2.20E-3	53.5650	8.53E-3	53.5650	-2.20E-3	
53.5700	8.54E-3	53.5700	-2.20E-3	53.5700	8.54E-3	53.5700	-2.20E-3	
53.5750	8.53E-3	53.5750	-2.20E-3	53.5750	8.53E-3	53.5750	-2.20E-3	
53.5800	8.53E-3	53.5800	-2.20E-3	53.5800	8.53E-3	53.5800	-2.20E-3	
53.5850	8.53E-3	53.5850	-2.20E-3	53.5850	8.53E-3	53.5850	-2.20E-3	
53.5900	8.52E-3	53.5900	-2.20E-3	53.5900	8.52E-3	53.5900	-2.20E-3	
53.5950	8.53E-3	53.5950	-2.20E-3	53.5950	8.53E-3	53.5950	-2.20E-3	
53.6000	8.53E-3	53.6000	-2.20E-3	53.6000	8.53E-3	53.6000	-2.20E-3	
53.6050	8.53E-3	53.6050	-2.20E-3	53.6050	8.53E-3	53.6050	-2.20E-3	
53.6100	8.53E-3	53.6100	-2.20E-3	53.6100	8.53E-3	53.6100	-2.20E-3	
53.6150	8.53E-3	53.6150	-2.20E-3	53.6150	8.53E-3	53.6150	-2.20E-3	
53.6200	8.52E-3	53.6200	-2.20E-3	53.6200	8.52E-3	53.6200	-2.20E-3	
53.6250	8.53E-3	53.6250	-2.20E-3	53.6250	8.53E-3	53.6250	-2.20E-3	
53.6300	8.53E-3	53.6300	-2.20E-3	53.6300	8.53E-3	53.6300	-2.20E-3	
53.6350	8.53E-3	53.6350	-2.20E-3	53.6350	8.53E-3	53.6350	-2.20E-3	
53.6400	8.53E-3	53.6400	-2.20E-3	53.6400	8.53E-3	53.6400	-2.20E-3	
53.6450	8.53E-3	53.6450	-2.20E-3	53.6450	8.53E-3	53.6450	-2.20E-3	
53.6500	8.54E-3	53.6500	-2.20E-3	53.6500	8.54E-3	53.6500	-2.20E-3	
53.6550	8.53E-3	53.6550	-2.20E-3	53.6550	8.53E-3	53.6550	-2.20E-3	
53.6600	8.52E-3	53.6600	-2.20E-3	53.6600	8.52E-3	53.6600	-2.20E-3	
53.6650	8.52E-3	53.6650	-2.20E-3	53.6650	8.52E-3	53.6650	-2.20E-3	
53.6700	8.52E-3	53.6700	-2.20E-3	53.6700	8.52E-3	53.6700	-2.20E-3	
53.6750	8.52E-3	53.6750	-2.20E-3	53.6750	8.52E-3	53.6750	-2.20E-3	
53.6800	8.53E-3	53.6800	-2.21E-3	53.6800	8.53E-3	53.6800	-2.21E-3	
53.6850	8.53E-3	53.6850	-2.20E-3	53.6850	8.53E-3	53.6850	-2.20E-3	
53.6900	8.52E-3	53.6900	-2.20E-3	53.6900	8.52E-3	53.6900	-2.20E-3	
53.6950	8.52E-3	53.6950	-2.20E-3	53.6950	8.52E-3	53.6950	-2.20E-3	
53.7000	8.52E-3	53.7000	-2.21E-3	53.7000	8.52E-3	53.7000	-2.21E-3	
53.7050	8.52E-3	53.7050	-2.20E-3	53.7050	8.52E-3	53.7050	-2.20E-3	
53.7100	8.52E-3	53.7100	-2.20E-3	53.7100	8.52E-3	53.7100	-2.20E-3	
53.7150	8.52E-3	53.7150	-2.20E-3	53.7150	8.52E-3	53.7150	-2.20E-3	
53.7200	8.52E-3	53.7200	-2.20E-3	53.7200	8.52E-3	53.7200	-2.20E-3	
53.7250	8.52E-3	53.7250	-2.20E-3	53.7250	8.52E-3	53.7250	-2.20E-3	
53.7300	8.52E-3	53.7300	-2.20E-3	53.7300	8.52E-3	53.7300	-2.20E-3	
53.7350	8.52E-3	53.7350	-2.20E-3	53.7350	8.52E-3	53.7350	-2.20E-3	
53.7400	8.52E-3	53.7400	-2.20E-3	53.7400	8.52E-3	53.7400	-2.20E-3	
53.7450	8.52E-3	53.7450	-2.21E-3	53.7450	8.52E-3	53.7450	-2.21E-3	
53.7500	8.52E-3	53.7500	-2.21E-3	53.7500	8.52E-3	53.7500	-2.21E-3	
53.7550	8.52E-3	53.7550	-2.20E-3	53.7550	8.52E-3	53.7550	-2.20E-3	
53.7600	8.52E-3	53.7600	-2.20E-3	53.7600	8.52E-3	53.7600	-2.20E-3	
53.7650	8.52E-3	53.7650	-2.20E-3	53.7650	8.52E-3	53.7650	-2.20E-3	
53.7700	8.52E-3	53.7700	-2.20E-3	53.7700	8.52E-3	53.7700	-2.20E-3	
53.7750	8.52E-3	53.7750	-2.20E-3	53.7750	8.52E-3	53.7750	-2.20E-3	
53.7800	8.52E-3	53.7800	-2.20E-3	53.7800	8.52E-3	53.7800	-2.20E-3	
53.7850	8.52E-3	53.7850	-2.20E-3	53.7850	8.52E-3	53.7850	-2.20E-3	
53.7900	8.51E-3	53.7900	-2.20E-3	53.7900	8.51E-3	53.7900	-2.20E-3	
53.7950	8.52E-3	53.7950	-2.20E-3	53.7950	8.52E-3	53.7950	-2.20E-3	
53.8000	8.52E-3	53.8000	-2.20E-3	53.8000	8.52E-3	53.8000	-2.20E-3	
53.8050	8.53E-3	53.8050	-2.20E-3	53.8050	8.53E-3	53.8050	-2.20E-3	
53.8100	8.54E-3	53.8100	-2.20E-3	53.8100	8.54E-3	53.8100	-2.20E-3	
53.8150	8.54E-3	53.8150	-2.20E-3	53.8150	8.54E-3	53.8150	-2.20E-3	
53.8200	8.54E-3	53.8200	-2.20E-3	53.8200	8.54E-3	53.8200	-2.20E-3	
53.8250	8.54E-3	53.8250	-2.20E-3	53.8250	8.54E-3	53.8250	-2.20E-3	
53.8300	8.53E-3	53.8300	-2.20E-3	53.8300	8.53E-3	53.8300	-2.20E-3	
53.8350	8.53E-3	53.8350	-2.20E-3	53.8350	8.53E-3	53.8350	-2.20E-3	
53.8400	8.54E-3	53.8400	-2.20E-3	53.8400	8.54E-3	53.8400	-2.20E-3	
53.8450	8.53E-3	53.8450	-2.20E-3	53.8450	8.53E-3	53.8450	-2.20E-3	
53.8500	8.52E-3	53.8500	-2.20E-3	53.8500	8.52E-3	53.8500	-2.20E-3	
53.8550	8.52E-3	53.8550	-2.20E-3	53.8550	8.52E-3	53.8550	-2.20E-3	
53.8600	8.53E-3	53.8600	-2.20E-3	53.8600	8.53E-3	53.8600	-2.20E-3	
53.8650	8.52E-3	53.8650	-2.21E-3	53.8650	8.52E-3	53.8650	-2.21E-3	
53.8700	8.52E-3	53.8700	-2.21E-3	53.8700	8.52E-3	53.8700	-2.21E-3	
53.8750	8.52E-3	53.8750	-2.21E-3	53.8750	8.52E-3	53.8750	-2.21E-3	
53.8800	8.52E-3	53.8800	-2.21E-3	53.8800	8.52E-3	53.8800	-2.21E-3	
53.8850	8.53E-3	53.8850	-2.21E-3	53.8850	8.53E-3	53.8850	-2.21E-3	
53.8900	8.52E-3	53.8900	-2.20E-3	53.8900	8.52E-3	53.8900	-2.20E-3	
53.8950	8.52E-3	53.8950	-2.21E-3	53.8950	8.52E-3	53.8950	-2.21E-3	
53.9000	8.51E-3	53.9000	-2.20E-3	53.9000	8.51E-3	53.9000	-2.20E-3	
53.9050	8.52E-3	53.9050	-2.20E-3	53.9050	8.52E-3	53.9050	-2.20E-3	
53.9100	8.52E-3	53.9100	-2.20E-3	53.9100	8.52E-3	53.9100	-2.20E-3	
53.9150	8.52E-3	53.9150	-2.20E-3	53.9150	8.52E-3	53.9150	-2.20E-3	
53.9200	8.53E-3	53.9200	-2.20E-3	53.9200	8.53E-3	53.9200	-2.20E-3	
53.9250	8.53E-3	53.9250	-2.20E-3	53.9250	8.53E-3	53.9250	-2.20E-3	
53.9300	8.52E-3	53.9300	-2.20E-3	53.9300	8.52E-3	53.9300	-2.20E-3	
53.9350	8.52E-3	53.9350	-2.20E-3	53.9350	8.52E-3	53.9350	-2.20E-3	
53.9400	8.52E-3	53.9400	-2.20E-3	53.9400	8.52E-3	53.9400	-2.20E-3	
53.9450	8.53E-3	53.9450	-2.20E-3	53.9450	8.53E-3	53.9450	-2.20E-3	
53.9500	8.53E-3	53.9500	-2.20E-3	53.9500	8.53E-3	53.9500	-2.20E-3	
53.9550	8.54E-3	53.9550	-2.20E-3	53.9550	8.54E-3	53.9550	-2.20E-3	
53.9600	8.53E-3	53.9600	-2.20E-3	53.9600	8.53E-3	53.9600	-2.20E-3	
53.9650	8.52E-3	53.9650	-2.20E-3	53.9650	8.52E-3	53.9650	-2.20E-3	
53.9700	8.53E-3	53.9700	-2.20E-3	53.9700	8.53E-3	53.9700	-2.20E-3	
53.9750	8.53E-3	53.9750	-2.20E-3	53.9750	8.53E-3	53.9750	-2.20E-3	
53.9800	8.53E-3	53.9800	-2.20E-3	53.9800	8.53E-3	53.9800	-2.20E-3	
53.9850	8.52E-3	53.9850	-2.20E-3	53.9850	8.52E-3	53.9850	-2.20E-3	
53.9900	8.52E-3	53.9900	-2.20E-3	53.9900	8.52E-3	53.9900	-2.20E-3	
53.9950	8.53E-3	53.9950	-2.20E-3	53.9950	8.53E-3	53.9950	-2.20E-3	
54.0000	8.53E-3	54.0000	-2.20E-3	54.0000	8.53E-3	54.0000	-2.20E-3	
