<?xml version='1.0' standalone='yes' ?>
<LVData xmlns="http://www.ni.com/LVData">
<Version>14.0.1</Version>
<Cluster>
<Name>header_text</Name>
<NumElts>5</NumElts>
<String>
<Name>parameters</Name>
<Val></Val>
</String>
<String>
<Name>comment</Name>
<Val>test</Val>
</String>
<Timestamp>
<Name>date</Name>
<Cluster>
<Name></Name>
<NumElts>4</NumElts>
<I32>
<Name></Name>
<Val>0</Val>
</I32>
<I32>
<Name></Name>
<Val>0</Val>
</I32>
<I32>
<Name></Name>
<Val>0</Val>
</I32>
<I32>
<Name></Name>
<Val>0</Val>
</I32>
</Cluster>
</Timestamp>
<Array>
<Name>variables</Name>
<Dimsize>3</Dimsize>
<Cluster>
<Name>parameter</Name>
<NumElts>5</NumElts>
<String>
<Name>name</Name>
<Val>motion_dev_pos</Val>
</String>
<String>
<Name>values</Name>
<Val>3.00000000E+1	3.05000000E+1	3.10000000E+1	3.15000000E+1	3.20000000E+1	3.25000000E+1	3.30000000E+1	3.35000000E+1	3.40000000E+1	3.45000000E+1	3.50000000E+1	3.55000000E+1	3.60000000E+1	3.65000000E+1	3.70000000E+1	3.75000000E+1	3.80000000E+1	3.85000000E+1	3.90000000E+1	3.95000000E+1	4.00000000E+1	4.05000000E+1	4.10000000E+1	4.15000000E+1	4.20000000E+1	4.25000000E+1	4.30000000E+1	4.35000000E+1	4.40000000E+1	4.45000000E+1	4.50000000E+1	4.55000000E+1	4.60000000E+1	4.65000000E+1	4.70000000E+1	4.75000000E+1	4.80000000E+1	4.85000000E+1	4.90000000E+1	4.95000000E+1	5.00000000E+1	5.05000000E+1	5.10000000E+1	5.15000000E+1	5.20000000E+1	5.25000000E+1	5.30000000E+1	5.35000000E+1	5.40000000E+1	5.45000000E+1	5.50000000E+1	5.55000000E+1	5.60000000E+1	5.65000000E+1	5.70000000E+1	5.75000000E+1	5.80000000E+1	5.85000000E+1	5.90000000E+1	5.95000000E+1	6.00000000E+1	6.05000000E+1	6.10000000E+1	6.15000000E+1	6.20000000E+1	6.25000000E+1	6.30000000E+1	6.35000000E+1	6.40000000E+1	6.45000000E+1	6.50000000E+1	6.55000000E+1	6.60000000E+1	6.65000000E+1	6.70000000E+1	6.75000000E+1	6.80000000E+1	6.85000000E+1	6.90000000E+1	6.95000000E+1	7.00000000E+1	7.05000000E+1	7.10000000E+1	7.15000000E+1	7.20000000E+1	7.25000000E+1	7.30000000E+1	7.35000000E+1	7.40000000E+1	7.45000000E+1	7.50000000E+1	7.55000000E+1	7.60000000E+1	7.65000000E+1	7.70000000E+1	7.75000000E+1	7.80000000E+1	7.85000000E+1	7.90000000E+1	7.95000000E+1	8.00000000E+1	8.05000000E+1	8.10000000E+1	8.15000000E+1	8.20000000E+1	8.25000000E+1	8.30000000E+1	8.35000000E+1	8.40000000E+1	8.45000000E+1	8.50000000E+1	8.55000000E+1	8.60000000E+1	8.65000000E+1	8.70000000E+1	8.75000000E+1	8.80000000E+1	8.85000000E+1	8.90000000E+1	8.95000000E+1	9.00000000E+1	9.05000000E+1	9.10000000E+1	9.15000000E+1	9.20000000E+1	9.25000000E+1	9.30000000E+1	9.35000000E+1	9.40000000E+1	9.45000000E+1	9.50000000E+1	9.55000000E+1	9.60000000E+1	9.65000000E+1	9.70000000E+1	9.75000000E+1	9.80000000E+1	9.85000000E+1	9.90000000E+1	9.95000000E+1	1.00000000E+2	1.00500000E+2	1.01000000E+2	1.01500000E+2	1.02000000E+2	1.02500000E+2	1.03000000E+2	1.03500000E+2	1.04000000E+2	1.04500000E+2	1.05000000E+2	1.05500000E+2	1.06000000E+2	1.06500000E+2	1.07000000E+2	1.07500000E+2	1.08000000E+2	1.08500000E+2	1.09000000E+2	1.09500000E+2	1.10000000E+2	1.10500000E+2	1.11000000E+2	1.11500000E+2	1.12000000E+2	1.12500000E+2	1.13000000E+2	1.13500000E+2	1.14000000E+2	1.14500000E+2	1.15000000E+2	1.15500000E+2	1.16000000E+2	1.16500000E+2	1.17000000E+2	1.17500000E+2	1.18000000E+2	1.18500000E+2	1.19000000E+2	1.19500000E+2	1.20000000E+2	1.20500000E+2	1.21000000E+2	1.21500000E+2	1.22000000E+2	1.22500000E+2	1.23000000E+2	1.23500000E+2	1.24000000E+2	1.24500000E+2	1.25000000E+2	1.25500000E+2	1.26000000E+2	1.26500000E+2	1.27000000E+2	1.27500000E+2	1.28000000E+2	1.28500000E+2	1.29000000E+2	1.29500000E+2	1.30000000E+2	1.30500000E+2	1.31000000E+2	1.31500000E+2	1.32000000E+2	1.32500000E+2	1.33000000E+2	1.33500000E+2	1.34000000E+2	1.34500000E+2	1.35000000E+2	1.35500000E+2	1.36000000E+2	1.36500000E+2	1.37000000E+2	1.37500000E+2	1.38000000E+2	1.38500000E+2	1.39000000E+2	1.39500000E+2	1.40000000E+2	1.40500000E+2	1.41000000E+2	1.41500000E+2	1.42000000E+2	1.42500000E+2	1.43000000E+2	1.43500000E+2	1.44000000E+2	1.44500000E+2	1.45000000E+2	1.45500000E+2	1.46000000E+2	1.46500000E+2	1.47000000E+2	1.47500000E+2	1.48000000E+2	1.48500000E+2	1.49000000E+2	1.49500000E+2	1.50000000E+2	1.50500000E+2	1.51000000E+2	1.51500000E+2	1.52000000E+2	1.52500000E+2	1.53000000E+2	1.53500000E+2	1.54000000E+2	1.54500000E+2	1.55000000E+2	1.55500000E+2	1.56000000E+2	1.56500000E+2	1.57000000E+2	1.57500000E+2	1.58000000E+2	1.58500000E+2	1.59000000E+2	1.59500000E+2	1.60000000E+2	1.60500000E+2	1.61000000E+2	1.61500000E+2	1.62000000E+2	1.62500000E+2	1.63000000E+2	1.63500000E+2	1.64000000E+2	1.64500000E+2	1.65000000E+2	1.65500000E+2	1.66000000E+2	1.66500000E+2	1.67000000E+2	1.67500000E+2	1.68000000E+2	1.68500000E+2	1.69000000E+2	1.69500000E+2	1.70000000E+2	1.70500000E+2	1.71000000E+2	1.71500000E+2	1.72000000E+2	1.72500000E+2	1.73000000E+2	1.73500000E+2	1.74000000E+2	1.74500000E+2	1.75000000E+2	1.75500000E+2	1.76000000E+2	1.76500000E+2	1.77000000E+2	1.77500000E+2	1.78000000E+2	1.78500000E+2	1.79000000E+2	1.79500000E+2	1.80000000E+2	1.80500000E+2	1.81000000E+2	1.81500000E+2	1.82000000E+2	1.82500000E+2	1.83000000E+2	1.83500000E+2	1.84000000E+2	1.84500000E+2	1.85000000E+2	1.85500000E+2	1.86000000E+2	1.86500000E+2	1.87000000E+2	1.87500000E+2	1.88000000E+2	1.88500000E+2	1.89000000E+2	1.89500000E+2	1.90000000E+2	1.90500000E+2	1.91000000E+2	1.91500000E+2	1.92000000E+2	1.92500000E+2	1.93000000E+2	1.93500000E+2	1.94000000E+2	1.94500000E+2	1.95000000E+2	1.95500000E+2	1.96000000E+2	1.96500000E+2	1.97000000E+2	1.97500000E+2	1.98000000E+2	1.98500000E+2	1.99000000E+2	1.99500000E+2	2.00000000E+2
</Val>
</String>
<U32>
<Name>dimensions</Name>
<Val>1</Val>
</U32>
<Cluster>
<Name>calibration</Name>
<NumElts>8</NumElts>
<String>
<Name>name</Name>
<Val></Val>
</String>
<EW>
<Name>calibration type</Name>
<Choice>tabulated</Choice>
<Choice>function</Choice>
<Choice>pass-through</Choice>
<Val>0</Val>
</EW>
<Array>
<Name>tabulated_x</Name>
<Dimsize>0</Dimsize>
<DBL>
<Name>Numeric</Name>
<Val></Val>
</DBL>
</Array>
<Array>
<Name>tabulated_y</Name>
<Dimsize>0</Dimsize>
<DBL>
<Name>Numeric</Name>
<Val></Val>
</DBL>
</Array>
<String>
<Name>forward_function</Name>
<Val></Val>
</String>
<String>
<Name>backward_function</Name>
<Val></Val>
</String>
<String>
<Name>source_unit_literal</Name>
<Val></Val>
</String>
<String>
<Name>target_unit_literal</Name>
<Val></Val>
</String>
</Cluster>
<String>
<Name>comment</Name>
<Val></Val>
</String>
</Cluster>
<Cluster>
<Name>parameter</Name>
<NumElts>5</NumElts>
<String>
<Name>name</Name>
<Val>motion_dev_pos_raw</Val>
</String>
<String>
<Name>values</Name>
<Val>4.49688687E-3	4.57183498E-3	4.64678310E-3	4.72173121E-3	4.79667933E-3	4.87162744E-3	4.94657556E-3	5.02152367E-3	5.09647179E-3	5.17141990E-3	5.24636801E-3	5.32131613E-3	5.39626424E-3	5.47121236E-3	5.54616047E-3	5.62110859E-3	5.69605670E-3	5.77100482E-3	5.84595293E-3	5.92090105E-3	5.99584916E-3	6.07079727E-3	6.14574539E-3	6.22069350E-3	6.29564162E-3	6.37058973E-3	6.44553785E-3	6.52048596E-3	6.59543408E-3	6.67038219E-3	6.74533030E-3	6.82027842E-3	6.89522653E-3	6.97017465E-3	7.04512276E-3	7.12007088E-3	7.19501899E-3	7.26996711E-3	7.34491522E-3	7.41986334E-3	7.49481145E-3	7.56975956E-3	7.64470768E-3	7.71965579E-3	7.79460391E-3	7.86955202E-3	7.94450014E-3	8.01944825E-3	8.09439637E-3	8.16934448E-3	8.24429259E-3	8.31924071E-3	8.39418882E-3	8.46913694E-3	8.54408505E-3	8.61903317E-3	8.69398128E-3	8.76892940E-3	8.84387751E-3	8.91882563E-3	8.99377374E-3	9.06872185E-3	9.14366997E-3	9.21861808E-3	9.29356620E-3	9.36851431E-3	9.44346243E-3	9.51841054E-3	9.59335866E-3	9.66830677E-3	9.74325488E-3	9.81820300E-3	9.89315111E-3	9.96809923E-3	1.00430473E-2	1.01179955E-2	1.01929436E-2	1.02678917E-2	1.03428398E-2	1.04177879E-2	1.04927360E-2	1.05676841E-2	1.06426323E-2	1.07175804E-2	1.07925285E-2	1.08674766E-2	1.09424247E-2	1.10173728E-2	1.10923209E-2	1.11672691E-2	1.12422172E-2	1.13171653E-2	1.13921134E-2	1.14670615E-2	1.15420096E-2	1.16169577E-2	1.16919059E-2	1.17668540E-2	1.18418021E-2	1.19167502E-2	1.19916983E-2	1.20666464E-2	1.21415945E-2	1.22165427E-2	1.22914908E-2	1.23664389E-2	1.24413870E-2	1.25163351E-2	1.25912832E-2	1.26662314E-2	1.27411795E-2	1.28161276E-2	1.28910757E-2	1.29660238E-2	1.30409719E-2	1.31159200E-2	1.31908682E-2	1.32658163E-2	1.33407644E-2	1.34157125E-2	1.34906606E-2	1.35656087E-2	1.36405568E-2	1.37155050E-2	1.37904531E-2	1.38654012E-2	1.39403493E-2	1.40152974E-2	1.40902455E-2	1.41651936E-2	1.42401418E-2	1.43150899E-2	1.43900380E-2	1.44649861E-2	1.45399342E-2	1.46148823E-2	1.46898304E-2	1.47647786E-2	1.48397267E-2	1.49146748E-2	1.49896229E-2	1.50645710E-2	1.51395191E-2	1.52144672E-2	1.52894154E-2	1.53643635E-2	1.54393116E-2	1.55142597E-2	1.55892078E-2	1.56641559E-2	1.57391040E-2	1.58140522E-2	1.58890003E-2	1.59639484E-2	1.60388965E-2	1.61138446E-2	1.61887927E-2	1.62637408E-2	1.63386890E-2	1.64136371E-2	1.64885852E-2	1.65635333E-2	1.66384814E-2	1.67134295E-2	1.67883776E-2	1.68633258E-2	1.69382739E-2	1.70132220E-2	1.70881701E-2	1.71631182E-2	1.72380663E-2	1.73130144E-2	1.73879626E-2	1.74629107E-2	1.75378588E-2	1.76128069E-2	1.76877550E-2	1.77627031E-2	1.78376513E-2	1.79125994E-2	1.79875475E-2	1.80624956E-2	1.81374437E-2	1.82123918E-2	1.82873399E-2	1.83622881E-2	1.84372362E-2	1.85121843E-2	1.85871324E-2	1.86620805E-2	1.87370286E-2	1.88119767E-2	1.88869249E-2	1.89618730E-2	1.90368211E-2	1.91117692E-2	1.91867173E-2	1.92616654E-2	1.93366135E-2	1.94115617E-2	1.94865098E-2	1.95614579E-2	1.96364060E-2	1.97113541E-2	1.97863022E-2	1.98612503E-2	1.99361985E-2	2.00111466E-2	2.00860947E-2	2.01610428E-2	2.02359909E-2	2.03109390E-2	2.03858871E-2	2.04608353E-2	2.05357834E-2	2.06107315E-2	2.06856796E-2	2.07606277E-2	2.08355758E-2	2.09105239E-2	2.09854721E-2	2.10604202E-2	2.11353683E-2	2.12103164E-2	2.12852645E-2	2.13602126E-2	2.14351607E-2	2.15101089E-2	2.15850570E-2	2.16600051E-2	2.17349532E-2	2.18099013E-2	2.18848494E-2	2.19597975E-2	2.20347457E-2	2.21096938E-2	2.21846419E-2	2.22595900E-2	2.23345381E-2	2.24094862E-2	2.24844343E-2	2.25593825E-2	2.26343306E-2	2.27092787E-2	2.27842268E-2	2.28591749E-2	2.29341230E-2	2.30090712E-2	2.30840193E-2	2.31589674E-2	2.32339155E-2	2.33088636E-2	2.33838117E-2	2.34587598E-2	2.35337080E-2	2.36086561E-2	2.36836042E-2	2.37585523E-2	2.38335004E-2	2.39084485E-2	2.39833966E-2	2.40583448E-2	2.41332929E-2	2.42082410E-2	2.42831891E-2	2.43581372E-2	2.44330853E-2	2.45080334E-2	2.45829816E-2	2.46579297E-2	2.47328778E-2	2.48078259E-2	2.48827740E-2	2.49577221E-2	2.50326702E-2	2.51076184E-2	2.51825665E-2	2.52575146E-2	2.53324627E-2	2.54074108E-2	2.54823589E-2	2.55573070E-2	2.56322552E-2	2.57072033E-2	2.57821514E-2	2.58570995E-2	2.59320476E-2	2.60069957E-2	2.60819438E-2	2.61568920E-2	2.62318401E-2	2.63067882E-2	2.63817363E-2	2.64566844E-2	2.65316325E-2	2.66065806E-2	2.66815288E-2	2.67564769E-2	2.68314250E-2	2.69063731E-2	2.69813212E-2	2.70562693E-2	2.71312174E-2	2.72061656E-2	2.72811137E-2	2.73560618E-2	2.74310099E-2	2.75059580E-2	2.75809061E-2	2.76558543E-2	2.77308024E-2	2.78057505E-2	2.78806986E-2	2.79556467E-2	2.80305948E-2	2.81055429E-2	2.81804911E-2	2.82554392E-2	2.83303873E-2	2.84053354E-2	2.84802835E-2	2.85552316E-2	2.86301797E-2	2.87051279E-2	2.87800760E-2	2.88550241E-2	2.89299722E-2	2.90049203E-2	2.90798684E-2	2.91548165E-2	2.92297647E-2	2.93047128E-2	2.93796609E-2	2.94546090E-2	2.95295571E-2	2.96045052E-2	2.96794533E-2	2.97544015E-2	2.98293496E-2	2.99042977E-2	2.99792458E-2
</Val>
</String>
<U32>
<Name>dimensions</Name>
<Val>1</Val>
</U32>
<Cluster>
<Name>calibration</Name>
<NumElts>8</NumElts>
<String>
<Name>name</Name>
<Val></Val>
</String>
<EW>
<Name>calibration type</Name>
<Choice>tabulated</Choice>
<Choice>function</Choice>
<Choice>pass-through</Choice>
<Val>0</Val>
</EW>
<Array>
<Name>tabulated_x</Name>
<Dimsize>0</Dimsize>
<DBL>
<Name>Numeric</Name>
<Val></Val>
</DBL>
</Array>
<Array>
<Name>tabulated_y</Name>
<Dimsize>0</Dimsize>
<DBL>
<Name>Numeric</Name>
<Val></Val>
</DBL>
</Array>
<String>
<Name>forward_function</Name>
<Val></Val>
</String>
<String>
<Name>backward_function</Name>
<Val></Val>
</String>
<String>
<Name>source_unit_literal</Name>
<Val></Val>
</String>
<String>
<Name>target_unit_literal</Name>
<Val></Val>
</String>
</Cluster>
<String>
<Name>comment</Name>
<Val></Val>
</String>
</Cluster>
<Cluster>
<Name>parameter</Name>
<NumElts>5</NumElts>
<String>
<Name>name</Name>
<Val>time_constants</Val>
</String>
<String>
<Name>values</Name>
<Val>3.00000000E-2
</Val>
</String>
<U32>
<Name>dimensions</Name>
<Val>1</Val>
</U32>
<Cluster>
<Name>calibration</Name>
<NumElts>8</NumElts>
<String>
<Name>name</Name>
<Val></Val>
</String>
<EW>
<Name>calibration type</Name>
<Choice>tabulated</Choice>
<Choice>function</Choice>
<Choice>pass-through</Choice>
<Val>0</Val>
</EW>
<Array>
<Name>tabulated_x</Name>
<Dimsize>0</Dimsize>
<DBL>
<Name>Numeric</Name>
<Val></Val>
</DBL>
</Array>
<Array>
<Name>tabulated_y</Name>
<Dimsize>0</Dimsize>
<DBL>
<Name>Numeric</Name>
<Val></Val>
</DBL>
</Array>
<String>
<Name>forward_function</Name>
<Val></Val>
</String>
<String>
<Name>backward_function</Name>
<Val></Val>
</String>
<String>
<Name>source_unit_literal</Name>
<Val></Val>
</String>
<String>
<Name>target_unit_literal</Name>
<Val></Val>
</String>
</Cluster>
<String>
<Name>comment</Name>
<Val></Val>
</String>
</Cluster>
</Array>
<Array>
<Name>measurands</Name>
<Dimsize>6</Dimsize>
<Cluster>
<Name>measurand</Name>
<NumElts>2</NumElts>
<String>
<Name>name</Name>
<Val>lockin_ch0_x</Val>
</String>
<String>
<Name>type</Name>
<Val>double</Val>
</String>
</Cluster>
<Cluster>
<Name>measurand</Name>
<NumElts>2</NumElts>
<String>
<Name>name</Name>
<Val>lockin_ch0_y</Val>
</String>
<String>
<Name>type</Name>
<Val>double</Val>
</String>
</Cluster>
<Cluster>
<Name>measurand</Name>
<NumElts>2</NumElts>
<String>
<Name>name</Name>
<Val>lockin_ch0_xErr</Val>
</String>
<String>
<Name>type</Name>
<Val>double</Val>
</String>
</Cluster>
<Cluster>
<Name>measurand</Name>
<NumElts>2</NumElts>
<String>
<Name>name</Name>
<Val>lockin_ch0_yErr</Val>
</String>
<String>
<Name>type</Name>
<Val>double</Val>
</String>
</Cluster>
<Cluster>
<Name>measurand</Name>
<NumElts>2</NumElts>
<String>
<Name>name</Name>
<Val>lockin_ch0_frequency</Val>
</String>
<String>
<Name>type</Name>
<Val>double</Val>
</String>
</Cluster>
<Cluster>
<Name>measurand</Name>
<NumElts>2</NumElts>
<String>
<Name>name</Name>
<Val>lockin_ch0_phase</Val>
</String>
<String>
<Name>type</Name>
<Val>double</Val>
</String>
</Cluster>
</Array>
</Cluster>
<Array>
<Name>measurands</Name>
<Dimsize>6</Dimsize>
<Cluster>
<Name>measurand</Name>
<NumElts>4</NumElts>
<String>
<Name>name</Name>
<Val>lockin_ch0_x</Val>
</String>
<String>
<Name>type</Name>
<Val>double</Val>
</String>
<I32>
<Name>dimensions</Name>
<Val>2</Val>
</I32>
<String>
<Name>data</Name>
<Val>-2.14463000E-2
-2.14387000E-2
-2.14235000E-2
-2.14540000E-2
-2.14616000E-2
-2.14616000E-2
-2.14540000E-2
-2.14692000E-2
-2.14311000E-2
-2.14235000E-2
-2.14463000E-2
-2.14769000E-2
-2.14463000E-2
-2.14158000E-2
-2.14235000E-2
-2.14463000E-2
-2.14387000E-2
-2.14387000E-2
-2.14006000E-2
-2.13701000E-2
-2.13395000E-2
-2.13701000E-2
-2.13624000E-2
-2.13624000E-2
-2.14158000E-2
-2.13929000E-2
-2.13853000E-2
-2.13548000E-2
-2.13395000E-2
-2.13166000E-2
-2.07216000E-2
-1.42136000E-2
-1.38703000E-2
-1.49079000E-2
-1.53275000E-2
-1.56022000E-2
-1.56556000E-2
-1.56633000E-2
-1.57396000E-2
-1.57548000E-2
-1.58082000E-2
-1.56251000E-2
-1.51597000E-2
-9.59784000E-3
3.22039000E-2
1.93078000E-1
1.82916000E-1
1.71334000E-1
1.63384000E-1
1.60447000E-1
1.58219000E-1
1.56541000E-1
1.55488000E-1
1.54954000E-1
1.54099000E-1
1.53352000E-1
1.51971000E-1
1.52947000E-1
1.53802000E-1
1.54023000E-1
1.53451000E-1
1.52505000E-1
1.51925000E-1
1.51139000E-1
1.50460000E-1
1.50476000E-1
1.50224000E-1
1.49629000E-1
1.48248000E-1
1.48301000E-1
1.48561000E-1
1.48705000E-1
1.48850000E-1
1.48171000E-1
1.46943000E-1
1.45761000E-1
1.45783000E-1
1.45387000E-1
1.44555000E-1
1.44326000E-1
1.43998000E-1
1.43128000E-1
1.42907000E-1
1.42335000E-1
1.41763000E-1
1.41450000E-1
1.41122000E-1
1.40862000E-1
1.40748000E-1
1.39932000E-1
1.38879000E-1
1.38352000E-1
1.38429000E-1
1.38436000E-1
1.37696000E-1
1.37673000E-1
1.36338000E-1
1.35758000E-1
1.35400000E-1
1.35705000E-1
1.35056000E-1
1.34309000E-1
1.34118000E-1
1.33737000E-1
1.32707000E-1
1.32958000E-1
1.32882000E-1
1.32577000E-1
1.31494000E-1
1.30990000E-1
1.30952000E-1
1.30990000E-1
1.30731000E-1
1.29800000E-1
1.29197000E-1
1.29083000E-1
1.28701000E-1
1.28709000E-1
1.28243000E-1
1.27900000E-1
1.27465000E-1
1.27427000E-1
1.26748000E-1
1.26344000E-1
1.25962000E-1
1.25642000E-1
1.25329000E-1
1.24344000E-1
1.23871000E-1
1.23711000E-1
1.23566000E-1
1.23070000E-1
1.22704000E-1
1.22445000E-1
1.21949000E-1
1.22078000E-1
1.21750000E-1
1.21521000E-1
1.20537000E-1
1.20499000E-1
1.19996000E-1
1.20194000E-1
1.19568000E-1
1.19378000E-1
1.19759000E-1
1.18927000E-1
1.18569000E-1
1.17066000E-1
1.17341000E-1
1.16951000E-1
1.16333000E-1
1.16265000E-1
1.16150000E-1
1.15593000E-1
1.15387000E-1
1.14991000E-1
1.14838000E-1
1.14144000E-1
1.14052000E-1
1.14205000E-1
1.13129000E-1
1.12458000E-1
1.12191000E-1
1.11329000E-1
1.11657000E-1
1.11115000E-1
1.10909000E-1
1.10734000E-1
1.10245000E-1
1.09986000E-1
1.09620000E-1
1.09513000E-1
1.09032000E-1
1.08872000E-1
1.08689000E-1
1.08048000E-1
1.07506000E-1
1.06843000E-1
1.06087000E-1
1.06156000E-1
1.05874000E-1
1.05942000E-1
1.05622000E-1
1.05401000E-1
1.05149000E-1
1.04889000E-1
1.04310000E-1
1.03997000E-1
1.03486000E-1
1.03310000E-1
1.03104000E-1
1.02776000E-1
1.02547000E-1
1.02326000E-1
1.02517000E-1
1.02135000E-1
1.01487000E-1
1.01174000E-1
1.01243000E-1
1.00678000E-1
1.00182000E-1
1.00190000E-1
1.00007000E-1
9.92055000E-2
9.92818000E-2
9.90148000E-2
9.81450000E-2
9.78856000E-2
9.78093000E-2
9.71684000E-2
9.71532000E-2
9.67336000E-2
9.63216000E-2
9.63674000E-2
9.56883000E-2
9.54976000E-2
9.50093000E-2
9.47804000E-2
9.45821000E-2
9.44829000E-2
9.45210000E-2
9.40099000E-2
9.38649000E-2
9.33690000E-2
9.28960000E-2
9.26747000E-2
9.22170000E-2
9.20262000E-2
9.18965000E-2
9.16066000E-2
9.14159000E-2
9.07979000E-2
8.99739000E-2
8.93636000E-2
8.93102000E-2
8.93331000E-2
8.91271000E-2
8.85701000E-2
8.83718000E-2
8.83870000E-2
8.81352000E-2
8.81200000E-2
8.76241000E-2
8.71511000E-2
8.69832000E-2
8.67162000E-2
8.67391000E-2
8.64644000E-2
8.60066000E-2
8.54726000E-2
8.49614000E-2
8.53047000E-2
8.53353000E-2
8.46868000E-2
8.44426000E-2
8.40993000E-2
8.36568000E-2
8.32448000E-2
8.31304000E-2
8.34126000E-2
8.33135000E-2
8.27718000E-2
8.21157000E-2
8.16655000E-2
8.15511000E-2
8.10170000E-2
8.06432000E-2
8.04372000E-2
8.04219000E-2
8.03151000E-2
7.99184000E-2
7.98421000E-2
7.95369000E-2
7.91554000E-2
7.89113000E-2
7.91936000E-2
7.91783000E-2
7.87663000E-2
7.87053000E-2
7.85375000E-2
7.77974000E-2
7.74770000E-2
7.73549000E-2
7.70421000E-2
7.67674000E-2
7.62639000E-2
7.57604000E-2
7.56154000E-2
7.56612000E-2
7.54628000E-2
7.51500000E-2
7.49440000E-2
7.48754000E-2
7.45168000E-2
7.43566000E-2
7.39446000E-2
7.36775000E-2
7.34105000E-2
7.29680000E-2
7.27620000E-2
7.22508000E-2
7.21059000E-2
7.17854000E-2
7.17626000E-2
7.15032000E-2
7.10607000E-2
7.08013000E-2
7.00841000E-2
7.00612000E-2
7.03435000E-2
7.05113000E-2
7.00612000E-2
6.98400000E-2
6.96492000E-2
6.93288000E-2
6.92754000E-2
6.91686000E-2
6.90541000E-2
6.86040000E-2
6.79173000E-2
6.75664000E-2
6.74367000E-2
6.74214000E-2
6.74062000E-2
6.69179000E-2
6.68111000E-2
6.65212000E-2
6.62084000E-2
6.54912000E-2
6.55751000E-2
6.53996000E-2
6.54683000E-2
6.53005000E-2
6.51631000E-2
6.50411000E-2
6.48198000E-2
6.44307000E-2
6.40721000E-2
6.40264000E-2
6.37517000E-2
6.35152000E-2
</Val>
</String>
</Cluster>
<Cluster>
<Name>measurand</Name>
<NumElts>4</NumElts>
<String>
<Name>name</Name>
<Val>lockin_ch0_y</Val>
</String>
<String>
<Name>type</Name>
<Val>double</Val>
</String>
<I32>
<Name>dimensions</Name>
<Val>2</Val>
</I32>
<String>
<Name>data</Name>
<Val>3.27303000E-3
3.27303000E-3
3.26540000E-3
3.27303000E-3
3.28065000E-3
3.26540000E-3
3.27303000E-3
3.28065000E-3
3.28065000E-3
3.26540000E-3
3.26540000E-3
3.25777000E-3
3.27303000E-3
3.27303000E-3
3.26540000E-3
3.25777000E-3
3.26540000E-3
3.27303000E-3
3.26540000E-3
3.25777000E-3
3.25777000E-3
3.26540000E-3
3.25014000E-3
3.25014000E-3
3.25777000E-3
3.25014000E-3
3.25777000E-3
3.26540000E-3
3.25777000E-3
3.25014000E-3
3.21199000E-3
2.87630000E-3
2.73897000E-3
2.78474000E-3
2.82289000E-3
2.82289000E-3
2.83815000E-3
2.83052000E-3
2.83052000E-3
2.83052000E-3
2.83815000E-3
2.82289000E-3
2.81526000E-3
2.70845000E-3
1.67084000E-3
-6.40873000E-4
-2.67031000E-4
-1.52589000E-5
1.14441000E-4
1.75477000E-4
1.60218000E-4
1.83106000E-4
1.90736000E-4
1.83106000E-4
2.05995000E-4
2.28883000E-4
2.44142000E-4
2.13624000E-4
4.11989000E-4
4.95914000E-4
4.50136000E-4
4.95914000E-4
5.11173000E-4
5.26432000E-4
5.41691000E-4
4.88285000E-4
4.27248000E-4
5.03544000E-4
5.79838000E-4
5.64579000E-4
4.65395000E-4
4.80654000E-4
4.73024000E-4
4.95914000E-4
5.11173000E-4
5.79838000E-4
5.56950000E-4
5.95096000E-4
5.64579000E-4
5.79838000E-4
6.02726000E-4
6.48502000E-4
6.40873000E-4
6.33243000E-4
6.02726000E-4
6.33243000E-4
7.09537000E-4
6.79020000E-4
6.25614000E-4
6.71390000E-4
7.47684000E-4
7.62943000E-4
7.09537000E-4
7.01908000E-4
7.47684000E-4
7.62943000E-4
8.01090000E-4
8.01090000E-4
8.08720000E-4
7.62943000E-4
7.62943000E-4
7.85831000E-4
8.23978000E-4
8.08720000E-4
8.39237000E-4
7.93461000E-4
7.93461000E-4
7.93461000E-4
9.07902000E-4
8.92643000E-4
8.77384000E-4
8.39237000E-4
8.31608000E-4
8.92643000E-4
9.00272000E-4
8.92643000E-4
8.69755000E-4
8.92643000E-4
8.85013000E-4
8.85013000E-4
8.39237000E-4
8.92643000E-4
9.15531000E-4
9.07902000E-4
9.61307000E-4
9.53678000E-4
9.15531000E-4
9.68937000E-4
9.99458000E-4
9.68937000E-4
9.99458000E-4
9.76570000E-4
9.84199000E-4
9.61307000E-4
1.00709000E-3
9.76570000E-4
1.01472000E-3
9.84199000E-4
1.04523000E-3
1.05286000E-3
1.05286000E-3
1.00709000E-3
1.06049000E-3
1.04523000E-3
1.02235000E-3
1.07575000E-3
1.08338000E-3
1.15968000E-3
1.14442000E-3
1.12153000E-3
1.10627000E-3
1.12916000E-3
1.12916000E-3
1.15205000E-3
1.12153000E-3
1.13679000E-3
1.13679000E-3
1.15968000E-3
1.16730000E-3
1.15205000E-3
1.20545000E-3
1.17493000E-3
1.18256000E-3
1.23597000E-3
1.17493000E-3
1.21308000E-3
1.24360000E-3
1.23597000E-3
1.25123000E-3
1.25886000E-3
1.25886000E-3
1.26649000E-3
1.25123000E-3
1.25123000E-3
1.25886000E-3
1.27412000E-3
1.31989000E-3
1.29700000E-3
1.36567000E-3
1.31226000E-3
1.35804000E-3
1.31989000E-3
1.30463000E-3
1.30463000E-3
1.32752000E-3
1.33515000E-3
1.36567000E-3
1.34278000E-3
1.38856000E-3
1.39619000E-3
1.38093000E-3
1.36567000E-3
1.39619000E-3
1.37330000E-3
1.36567000E-3
1.34278000E-3
1.41907000E-3
1.41145000E-3
1.40382000E-3
1.40382000E-3
1.43433000E-3
1.41145000E-3
1.41907000E-3
1.44196000E-3
1.43433000E-3
1.41907000E-3
1.47248000E-3
1.47248000E-3
1.45722000E-3
1.47248000E-3
1.47248000E-3
1.50300000E-3
1.50300000E-3
1.47248000E-3
1.49537000E-3
1.51063000E-3
1.55640000E-3
1.51826000E-3
1.52589000E-3
1.49537000E-3
1.49537000E-3
1.52589000E-3
1.51826000E-3
1.54115000E-3
1.53352000E-3
1.54877000E-3
1.57166000E-3
1.54115000E-3
1.57929000E-3
1.56403000E-3
1.56403000E-3
1.58692000E-3
1.60981000E-3
1.61744000E-3
1.63270000E-3
1.62507000E-3
1.67847000E-3
1.64796000E-3
1.64033000E-3
1.63270000E-3
1.64796000E-3
1.63270000E-3
1.66322000E-3
1.64796000E-3
1.64796000E-3
1.65559000E-3
1.68610000E-3
1.67084000E-3
1.70136000E-3
1.70136000E-3
1.73951000E-3
1.70899000E-3
1.70136000E-3
1.68610000E-3
1.70899000E-3
1.71662000E-3
1.74714000E-3
1.73188000E-3
1.72425000E-3
1.68610000E-3
1.67847000E-3
1.68610000E-3
1.73188000E-3
1.73951000E-3
1.73951000E-3
1.77003000E-3
1.79292000E-3
1.77003000E-3
1.78529000E-3
1.76240000E-3
1.80817000E-3
1.78529000E-3
1.77766000E-3
1.77766000E-3
1.83106000E-3
1.79292000E-3
1.82343000E-3
1.78529000E-3
1.77003000E-3
1.76240000E-3
1.79292000E-3
1.79292000E-3
1.80054000E-3
1.81580000E-3
1.80817000E-3
1.85395000E-3
1.87684000E-3
1.86921000E-3
1.83106000E-3
1.83869000E-3
1.86158000E-3
1.83869000E-3
1.84632000E-3
1.84632000E-3
1.83106000E-3
1.84632000E-3
1.86158000E-3
1.86158000E-3
1.87684000E-3
1.86921000E-3
1.89210000E-3
1.89210000E-3
1.89210000E-3
1.89210000E-3
1.91499000E-3
1.92261000E-3
1.93024000E-3
1.93787000E-3
1.93024000E-3
1.93024000E-3
1.89973000E-3
1.91499000E-3
1.91499000E-3
1.94550000E-3
1.95314000E-3
1.94550000E-3
1.96077000E-3
1.93024000E-3
1.94550000E-3
1.96840000E-3
2.00655000E-3
1.97603000E-3
1.96077000E-3
1.96077000E-3
1.99892000E-3
1.99129000E-3
2.00655000E-3
2.00655000E-3
2.02943000E-3
1.99892000E-3
2.02943000E-3
2.04469000E-3
2.00655000E-3
1.98366000E-3
2.00655000E-3
2.00655000E-3
2.02943000E-3
2.04469000E-3
2.02943000E-3
2.02943000E-3
2.04469000E-3
</Val>
</String>
</Cluster>
<Cluster>
<Name>measurand</Name>
<NumElts>4</NumElts>
<String>
<Name>name</Name>
<Val>lockin_ch0_xErr</Val>
</String>
<String>
<Name>type</Name>
<Val>double</Val>
</String>
<I32>
<Name>dimensions</Name>
<Val>2</Val>
</I32>
<String>
<Name>data</Name>
<Val></Val>
</String>
</Cluster>
<Cluster>
<Name>measurand</Name>
<NumElts>4</NumElts>
<String>
<Name>name</Name>
<Val>lockin_ch0_yErr</Val>
</String>
<String>
<Name>type</Name>
<Val>double</Val>
</String>
<I32>
<Name>dimensions</Name>
<Val>2</Val>
</I32>
<String>
<Name>data</Name>
<Val></Val>
</String>
</Cluster>
<Cluster>
<Name>measurand</Name>
<NumElts>4</NumElts>
<String>
<Name>name</Name>
<Val>lockin_ch0_frequency</Val>
</String>
<String>
<Name>type</Name>
<Val>double</Val>
</String>
<I32>
<Name>dimensions</Name>
<Val>2</Val>
</I32>
<String>
<Name>data</Name>
<Val></Val>
</String>
</Cluster>
<Cluster>
<Name>measurand</Name>
<NumElts>4</NumElts>
<String>
<Name>name</Name>
<Val>lockin_ch0_phase</Val>
</String>
<String>
<Name>type</Name>
<Val>double</Val>
</String>
<I32>
<Name>dimensions</Name>
<Val>2</Val>
</I32>
<String>
<Name>data</Name>
<Val></Val>
</String>
</Cluster>
</Array>
</LVData>