3.000000E+1	4.496887E-3	-2.600110E-2
3.050000E+1	4.571835E-3	-2.606210E-2
3.100000E+1	4.646783E-3	-2.606210E-2
3.150000E+1	4.721731E-3	-2.609260E-2
3.200000E+1	4.796679E-3	-2.606210E-2
3.250000E+1	4.871627E-3	-2.609260E-2
3.300000E+1	4.946576E-3	-2.609260E-2
3.350000E+1	5.021524E-3	-2.609260E-2
3.400000E+1	5.096472E-3	-2.606210E-2
3.450000E+1	5.171420E-3	-2.606210E-2
3.500000E+1	5.246368E-3	-2.606210E-2
3.550000E+1	5.321316E-3	-2.606210E-2
3.600000E+1	5.396264E-3	-2.609260E-2
3.650000E+1	5.471212E-3	-2.609260E-2
3.700000E+1	5.546160E-3	-2.606210E-2
3.750000E+1	5.621109E-3	-2.609260E-2
3.800000E+1	5.696057E-3	-2.612320E-2
3.850000E+1	5.771005E-3	-2.612320E-2
3.900000E+1	5.845953E-3	-2.600110E-2
3.950000E+1	5.920901E-3	-2.603160E-2
4.000000E+1	5.995849E-3	-2.606210E-2
4.050000E+1	6.070797E-3	-2.606210E-2
4.100000E+1	6.145745E-3	-2.606210E-2
4.150000E+1	6.220694E-3	-2.603160E-2
4.200000E+1	6.295642E-3	-2.606210E-2
4.250000E+1	6.370590E-3	-2.606210E-2
4.300000E+1	6.445538E-3	-2.603160E-2
4.350000E+1	6.520486E-3	-2.606210E-2
4.400000E+1	6.595434E-3	-2.603160E-2
4.450000E+1	6.670382E-3	-2.597060E-2
4.500000E+1	6.745330E-3	-2.526870E-2
4.550000E+1	6.820278E-3	-1.992810E-2
4.600000E+1	6.895227E-3	-1.751720E-2
4.650000E+1	6.970175E-3	-1.855480E-2
4.700000E+1	7.045123E-3	-1.901260E-2
4.750000E+1	7.120071E-3	-1.925670E-2
4.800000E+1	7.195019E-3	-1.940930E-2
4.850000E+1	7.269967E-3	-1.950090E-2
4.900000E+1	7.344915E-3	-1.956190E-2
4.950000E+1	7.419863E-3	-1.962290E-2
5.000000E+1	7.494811E-3	-1.962290E-2
5.050000E+1	7.569760E-3	-1.953140E-2
5.100000E+1	7.644708E-3	-1.876840E-2
5.150000E+1	7.719656E-3	-1.165780E-2
5.200000E+1	7.794604E-3	4.116850E-2
5.250000E+1	7.869552E-3	2.227790E-1
5.300000E+1	7.944500E-3	2.134410E-1
5.350000E+1	8.019448E-3	2.001660E-1
5.400000E+1	8.094396E-3	1.920480E-1
5.450000E+1	8.169344E-3	1.879890E-1
5.500000E+1	8.244293E-3	1.849990E-1
5.550000E+1	8.319241E-3	1.833810E-1
5.600000E+1	8.394189E-3	1.822210E-1
5.650000E+1	8.469137E-3	1.803900E-1
5.700000E+1	8.544085E-3	1.794750E-1
5.750000E+1	8.619033E-3	1.784070E-1
5.800000E+1	8.693981E-3	1.780100E-1
5.850000E+1	8.768929E-3	1.780710E-1
5.900000E+1	8.843878E-3	1.811840E-1
5.950000E+1	8.918826E-3	1.804210E-1
6.000000E+1	8.993774E-3	1.797190E-1
6.050000E+1	9.068722E-3	1.790170E-1
6.100000E+1	9.143670E-3	1.786810E-1
6.150000E+1	9.218618E-3	1.782540E-1
6.200000E+1	9.293566E-3	1.777660E-1
6.250000E+1	9.368514E-3	1.767590E-1
6.300000E+1	9.443462E-3	1.751720E-1
6.350000E+1	9.518411E-3	1.748360E-1
6.400000E+1	9.593359E-3	1.744390E-1
6.450000E+1	9.668307E-3	1.737070E-1
6.500000E+1	9.743255E-3	1.730050E-1
6.550000E+1	9.818203E-3	1.727610E-1
6.600000E+1	9.893151E-3	1.730050E-1
6.650000E+1	9.968099E-3	1.723030E-1
6.700000E+1	1.004305E-2	1.713570E-1
6.750000E+1	1.011800E-2	1.702280E-1
6.800000E+1	1.019294E-2	1.687020E-1
6.850000E+1	1.026789E-2	1.681220E-1
6.900000E+1	1.034284E-2	1.676340E-1
6.950000E+1	1.041779E-2	1.679700E-1
7.000000E+1	1.049274E-2	1.674200E-1
7.050000E+1	1.056768E-2	1.666880E-1
7.100000E+1	1.064263E-2	1.656500E-1
7.150000E+1	1.071758E-2	1.653150E-1
7.200000E+1	1.079253E-2	1.659560E-1
7.250000E+1	1.086748E-2	1.660780E-1
7.300000E+1	1.094242E-2	1.645210E-1
7.350000E+1	1.101737E-2	1.640020E-1
7.400000E+1	1.109232E-2	1.639110E-1
7.450000E+1	1.116727E-2	1.639410E-1
7.500000E+1	1.124222E-2	1.630870E-1
7.550000E+1	1.131717E-2	1.627820E-1
7.600000E+1	1.139211E-2	1.622320E-1
7.650000E+1	1.146706E-2	1.617750E-1
7.700000E+1	1.154201E-2	1.618050E-1
7.750000E+1	1.161696E-2	1.613170E-1
7.800000E+1	1.169191E-2	1.605230E-1
7.850000E+1	1.176685E-2	1.599740E-1
7.900000E+1	1.184180E-2	1.592420E-1
7.950000E+1	1.191675E-2	1.586310E-1
8.000000E+1	1.199170E-2	1.582650E-1
8.050000E+1	1.206665E-2	1.576550E-1
8.100000E+1	1.214159E-2	1.571660E-1
8.150000E+1	1.221654E-2	1.569220E-1
8.200000E+1	1.229149E-2	1.563430E-1
8.250000E+1	1.236644E-2	1.557320E-1
8.300000E+1	1.244139E-2	1.552130E-1
8.350000E+1	1.251634E-2	1.548170E-1
8.400000E+1	1.259128E-2	1.538100E-1
8.450000E+1	1.266623E-2	1.531690E-1
8.500000E+1	1.274118E-2	1.533210E-1
8.550000E+1	1.281613E-2	1.528640E-1
8.600000E+1	1.289108E-2	1.524670E-1
8.650000E+1	1.296602E-2	1.517650E-1
8.700000E+1	1.304097E-2	1.512160E-1
8.750000E+1	1.311592E-2	1.514900E-1
8.800000E+1	1.319087E-2	1.512460E-1
8.850000E+1	1.326582E-2	1.506360E-1
8.900000E+1	1.334076E-2	1.497510E-1
8.950000E+1	1.341571E-2	1.488050E-1
9.000000E+1	1.349066E-2	1.491400E-1
9.050000E+1	1.356561E-2	1.487740E-1
9.100000E+1	1.364056E-2	1.480110E-1
9.150000E+1	1.371550E-2	1.473700E-1
9.200000E+1	1.379045E-2	1.467910E-1
9.250000E+1	1.386540E-2	1.465770E-1
9.300000E+1	1.394035E-2	1.457530E-1
9.350000E+1	1.401530E-2	1.452040E-1
9.400000E+1	1.409025E-2	1.448980E-1
9.450000E+1	1.416519E-2	1.447760E-1
9.500000E+1	1.424014E-2	1.444410E-1
9.550000E+1	1.431509E-2	1.439520E-1
9.600000E+1	1.439004E-2	1.436780E-1
9.650000E+1	1.446499E-2	1.438000E-1
9.700000E+1	1.453993E-2	1.434950E-1
9.750000E+1	1.461488E-2	1.427320E-1
9.800000E+1	1.468983E-2	1.411450E-1
9.850000E+1	1.476478E-2	1.411450E-1
9.900000E+1	1.483973E-2	1.409310E-1
9.950000E+1	1.491467E-2	1.405040E-1
1.000000E+2	1.498962E-2	1.401990E-1
1.005000E+2	1.506457E-2	1.394660E-1
1.010000E+2	1.513952E-2	1.387950E-1
1.015000E+2	1.521447E-2	1.385810E-1
1.020000E+2	1.528942E-2	1.382150E-1
1.025000E+2	1.536436E-2	1.384590E-1
1.030000E+2	1.543931E-2	1.379100E-1
1.035000E+2	1.551426E-2	1.377270E-1
1.040000E+2	1.558921E-2	1.370550E-1
1.045000E+2	1.566416E-2	1.364450E-1
1.050000E+2	1.573910E-2	1.358350E-1
1.055000E+2	1.581405E-2	1.358040E-1
1.060000E+2	1.588900E-2	1.353160E-1
1.065000E+2	1.596395E-2	1.347970E-1
1.070000E+2	1.603890E-2	1.345220E-1
1.075000E+2	1.611384E-2	1.343090E-1
1.080000E+2	1.618879E-2	1.333320E-1
1.085000E+2	1.626374E-2	1.330580E-1
1.090000E+2	1.633869E-2	1.327830E-1
1.095000E+2	1.641364E-2	1.325390E-1
1.100000E+2	1.648859E-2	1.323250E-1
1.105000E+2	1.656353E-2	1.316840E-1
1.110000E+2	1.663848E-2	1.315620E-1
1.115000E+2	1.671343E-2	1.310130E-1
1.120000E+2	1.678838E-2	1.307080E-1
1.125000E+2	1.686333E-2	1.299750E-1
1.130000E+2	1.693827E-2	1.291510E-1
1.135000E+2	1.701322E-2	1.288160E-1
1.140000E+2	1.708817E-2	1.285720E-1
1.145000E+2	1.716312E-2	1.283580E-1
1.150000E+2	1.723807E-2	1.280830E-1
1.155000E+2	1.731301E-2	1.278090E-1
1.160000E+2	1.738796E-2	1.272590E-1
1.165000E+2	1.746291E-2	1.260080E-1
1.170000E+2	1.753786E-2	1.261000E-1
1.175000E+2	1.761281E-2	1.260390E-1
1.180000E+2	1.768776E-2	1.258250E-1
1.185000E+2	1.776270E-2	1.254280E-1
1.190000E+2	1.783765E-2	1.247560E-1
1.195000E+2	1.791260E-2	1.244510E-1
1.200000E+2	1.798755E-2	1.236880E-1
1.205000E+2	1.806250E-2	1.232610E-1
1.210000E+2	1.813744E-2	1.229250E-1
1.215000E+2	1.821239E-2	1.224680E-1
1.220000E+2	1.828734E-2	1.222840E-1
1.225000E+2	1.836229E-2	1.218570E-1
1.230000E+2	1.843724E-2	1.217960E-1
1.235000E+2	1.851218E-2	1.216440E-1
1.240000E+2	1.858713E-2	1.208200E-1
1.245000E+2	1.866208E-2	1.207590E-1
1.250000E+2	1.873703E-2	1.202400E-1
1.255000E+2	1.881198E-2	1.196900E-1
1.260000E+2	1.888692E-2	1.193850E-1
1.265000E+2	1.896187E-2	1.187140E-1
1.270000E+2	1.903682E-2	1.185920E-1
1.275000E+2	1.911177E-2	1.181950E-1
1.280000E+2	1.918672E-2	1.179200E-1
1.285000E+2	1.926167E-2	1.171570E-1
1.290000E+2	1.933661E-2	1.160890E-1
1.295000E+2	1.941156E-2	1.151740E-1
1.300000E+2	1.948651E-2	1.155400E-1
1.305000E+2	1.956146E-2	1.152960E-1
1.310000E+2	1.963641E-2	1.148990E-1
1.315000E+2	1.971135E-2	1.150820E-1
1.320000E+2	1.978630E-2	1.150520E-1
1.325000E+2	1.986125E-2	1.146250E-1
1.330000E+2	1.993620E-2	1.144110E-1
1.335000E+2	2.001115E-2	1.140750E-1
1.340000E+2	2.008609E-2	1.135560E-1
1.345000E+2	2.016104E-2	1.131290E-1
1.350000E+2	2.023599E-2	1.128540E-1
1.355000E+2	2.031094E-2	1.128540E-1
1.360000E+2	2.038589E-2	1.124580E-1
1.365000E+2	2.046084E-2	1.121530E-1
1.370000E+2	2.053578E-2	1.119690E-1
1.375000E+2	2.061073E-2	1.119080E-1
1.380000E+2	2.068568E-2	1.111150E-1
1.385000E+2	2.076063E-2	1.105960E-1
1.390000E+2	2.083558E-2	1.100770E-1
1.395000E+2	2.091052E-2	1.090700E-1
1.400000E+2	2.098547E-2	1.092230E-1
1.405000E+2	2.106042E-2	1.083680E-1
1.410000E+2	2.113537E-2	1.074220E-1
1.415000E+2	2.121032E-2	1.072090E-1
1.420000E+2	2.128526E-2	1.068120E-1
1.425000E+2	2.136021E-2	1.065680E-1
1.430000E+2	2.143516E-2	1.066290E-1
1.435000E+2	2.151011E-2	1.070560E-1
1.440000E+2	2.158506E-2	1.067200E-1
1.445000E+2	2.166001E-2	1.061710E-1
1.450000E+2	2.173495E-2	1.058050E-1
1.455000E+2	2.180990E-2	1.055000E-1
1.460000E+2	2.188485E-2	1.050420E-1
1.465000E+2	2.195980E-2	1.047670E-1
1.470000E+2	2.203475E-2	1.044320E-1
1.475000E+2	2.210969E-2	1.042180E-1
1.480000E+2	2.218464E-2	1.033330E-1
1.485000E+2	2.225959E-2	1.034250E-1
1.490000E+2	2.233454E-2	1.031190E-1
1.495000E+2	2.240949E-2	1.029360E-1
1.500000E+2	2.248443E-2	1.025090E-1
1.505000E+2	2.255938E-2	1.019600E-1
1.510000E+2	2.263433E-2	1.017460E-1
1.515000E+2	2.270928E-2	1.015020E-1
1.520000E+2	2.278423E-2	1.009830E-1
1.525000E+2	2.285917E-2	1.006170E-1
1.530000E+2	2.293412E-2	1.004640E-1
1.535000E+2	2.300907E-2	9.982350E-2
1.540000E+2	2.308402E-2	9.979300E-2
1.545000E+2	2.315897E-2	9.939620E-2
1.550000E+2	2.323392E-2	9.893850E-2
1.555000E+2	2.330886E-2	9.863330E-2
1.560000E+2	2.338381E-2	9.878590E-2
1.565000E+2	2.345876E-2	9.826710E-2
1.570000E+2	2.353371E-2	9.777880E-2
1.575000E+2	2.360866E-2	9.762620E-2
1.580000E+2	2.368360E-2	9.741260E-2
1.585000E+2	2.375855E-2	9.680220E-2
1.590000E+2	2.383350E-2	9.625290E-2
1.595000E+2	2.390845E-2	9.606980E-2
1.600000E+2	2.398340E-2	9.573410E-2
1.605000E+2	2.405834E-2	9.506270E-2
1.610000E+2	2.413329E-2	9.494070E-2
1.615000E+2	2.420824E-2	9.491010E-2
1.620000E+2	2.428319E-2	9.439130E-2
1.625000E+2	2.435814E-2	9.390310E-2
1.630000E+2	2.443309E-2	9.381150E-2
1.635000E+2	2.450803E-2	9.341480E-2
1.640000E+2	2.458298E-2	9.295700E-2
1.645000E+2	2.465793E-2	9.283490E-2
1.650000E+2	2.473288E-2	9.271290E-2
1.655000E+2	2.480783E-2	9.228560E-2
1.660000E+2	2.488277E-2	9.237720E-2
1.665000E+2	2.495772E-2	9.225510E-2
1.670000E+2	2.503267E-2	9.228560E-2
1.675000E+2	2.510762E-2	9.176680E-2
1.680000E+2	2.518257E-2	9.127860E-2
1.685000E+2	2.525751E-2	9.109540E-2
1.690000E+2	2.533246E-2	9.075980E-2
1.695000E+2	2.540741E-2	9.039350E-2
1.700000E+2	2.548236E-2	9.008840E-2
1.705000E+2	2.555731E-2	8.984420E-2
1.710000E+2	2.563226E-2	8.938650E-2
1.715000E+2	2.570720E-2	8.920340E-2
1.720000E+2	2.578215E-2	8.886770E-2
1.725000E+2	2.585710E-2	8.831830E-2
1.730000E+2	2.593205E-2	8.859300E-2
1.735000E+2	2.600700E-2	8.822680E-2
1.740000E+2	2.608194E-2	8.789110E-2
1.745000E+2	2.615689E-2	8.746390E-2
1.750000E+2	2.623184E-2	8.709760E-2
1.755000E+2	2.630679E-2	8.670090E-2
1.760000E+2	2.638174E-2	8.645680E-2
1.765000E+2	2.645668E-2	8.627370E-2
1.770000E+2	2.653163E-2	8.606000E-2
1.775000E+2	2.660658E-2	8.572440E-2
1.780000E+2	2.668153E-2	8.517500E-2
1.785000E+2	2.675648E-2	8.499190E-2
1.790000E+2	2.683142E-2	8.493090E-2
1.795000E+2	2.690637E-2	8.496140E-2
1.800000E+2	2.698132E-2	8.432050E-2
1.805000E+2	2.705627E-2	8.404590E-2
1.810000E+2	2.713122E-2	8.374070E-2
1.815000E+2	2.720617E-2	8.328290E-2
1.820000E+2	2.728111E-2	8.364920E-2
1.825000E+2	2.735606E-2	8.297780E-2
1.830000E+2	2.743101E-2	8.203170E-2
1.835000E+2	2.750596E-2	8.184860E-2
1.840000E+2	2.758091E-2	8.175710E-2
1.845000E+2	2.765585E-2	8.169600E-2
1.850000E+2	2.773080E-2	8.151290E-2
1.855000E+2	2.780575E-2	8.090260E-2
1.860000E+2	2.788070E-2	8.114670E-2
1.865000E+2	2.795565E-2	8.075000E-2
1.870000E+2	2.803059E-2	8.081100E-2
1.875000E+2	2.810554E-2	8.017020E-2
1.880000E+2	2.818049E-2	7.937670E-2
1.885000E+2	2.825544E-2	7.955980E-2
1.890000E+2	2.833039E-2	7.922410E-2
1.895000E+2	2.840534E-2	7.901050E-2
1.900000E+2	2.848028E-2	7.882740E-2
1.905000E+2	2.855523E-2	7.840010E-2
1.910000E+2	2.863018E-2	7.827810E-2
1.915000E+2	2.870513E-2	7.818650E-2
1.920000E+2	2.878008E-2	7.785080E-2
1.925000E+2	2.885502E-2	7.736250E-2
1.930000E+2	2.892997E-2	7.708790E-2
1.935000E+2	2.900492E-2	7.687430E-2
1.940000E+2	2.907987E-2	7.666060E-2
1.945000E+2	2.915482E-2	7.632490E-2
1.950000E+2	2.922976E-2	7.611130E-2
1.955000E+2	2.930471E-2	7.540940E-2
1.960000E+2	2.937966E-2	7.495160E-2
1.965000E+2	2.945461E-2	7.513480E-2
1.970000E+2	2.952956E-2	7.550100E-2
1.975000E+2	2.960451E-2	7.501270E-2
1.980000E+2	2.967945E-2	7.479910E-2
1.985000E+2	2.975440E-2	7.498220E-2
1.990000E+2	2.982935E-2	7.452440E-2
1.995000E+2	2.990430E-2	7.418870E-2
2.000000E+2	2.997925E-2	7.412770E-2
