<?xml version='1.0' standalone='yes' ?>
<LVData xmlns="http://www.ni.com/LVData">
<Version>14.0.1</Version>
<Cluster>
<Name>header_text</Name>
<NumElts>5</NumElts>
<String>
<Name>parameters</Name>
<Val></Val>
</String>
<String>
<Name>comment</Name>
<Val>test</Val>
</String>
<Timestamp>
<Name>date</Name>
<Cluster>
<Name></Name>
<NumElts>4</NumElts>
<I32>
<Name></Name>
<Val>0</Val>
</I32>
<I32>
<Name></Name>
<Val>0</Val>
</I32>
<I32>
<Name></Name>
<Val>0</Val>
</I32>
<I32>
<Name></Name>
<Val>0</Val>
</I32>
</Cluster>
</Timestamp>
<Array>
<Name>variables</Name>
<Dimsize>3</Dimsize>
<Cluster>
<Name>parameter</Name>
<NumElts>5</NumElts>
<String>
<Name>name</Name>
<Val>motion_dev_pos</Val>
</String>
<String>
<Name>values</Name>
<Val>5.10000000E+1	5.10050000E+1	5.10100000E+1	5.10150000E+1	5.10200000E+1	5.10250000E+1	5.10300000E+1	5.10350000E+1	5.10400000E+1	5.10450000E+1	5.10500000E+1	5.10550000E+1	5.10600000E+1	5.10650000E+1	5.10700000E+1	5.10750000E+1	5.10800000E+1	5.10850000E+1	5.10900000E+1	5.10950000E+1	5.11000000E+1	5.11050000E+1	5.11100000E+1	5.11150000E+1	5.11200000E+1	5.11250000E+1	5.11300000E+1	5.11350000E+1	5.11400000E+1	5.11450000E+1	5.11500000E+1	5.11550000E+1	5.11600000E+1	5.11650000E+1	5.11700000E+1	5.11750000E+1	5.11800000E+1	5.11850000E+1	5.11900000E+1	5.11950000E+1	5.12000000E+1	5.12050000E+1	5.12100000E+1	5.12150000E+1	5.12200000E+1	5.12250000E+1	5.12300000E+1	5.12350000E+1	5.12400000E+1	5.12450000E+1	5.12500000E+1	5.12550000E+1	5.12600000E+1	5.12650000E+1	5.12700000E+1	5.12750000E+1	5.12800000E+1	5.12850000E+1	5.12900000E+1	5.12950000E+1	5.13000000E+1	5.13050000E+1	5.13100000E+1	5.13150000E+1	5.13200000E+1	5.13250000E+1	5.13300000E+1	5.13350000E+1	5.13400000E+1	5.13450000E+1	5.13500000E+1	5.13550000E+1	5.13600000E+1	5.13650000E+1	5.13700000E+1	5.13750000E+1	5.13800000E+1	5.13850000E+1	5.13900000E+1	5.13950000E+1	5.14000000E+1	5.14050000E+1	5.14100000E+1	5.14150000E+1	5.14200000E+1	5.14250000E+1	5.14300000E+1	5.14350000E+1	5.14400000E+1	5.14450000E+1	5.14500000E+1	5.14550000E+1	5.14600000E+1	5.14650000E+1	5.14700000E+1	5.14750000E+1	5.14800000E+1	5.14850000E+1	5.14900000E+1	5.14950000E+1	5.15000000E+1	5.15050000E+1	5.15100000E+1	5.15150000E+1	5.15200000E+1	5.15250000E+1	5.15300000E+1	5.15350000E+1	5.15400000E+1	5.15450000E+1	5.15500000E+1	5.15550000E+1	5.15600000E+1	5.15650000E+1	5.15700000E+1	5.15750000E+1	5.15800000E+1	5.15850000E+1	5.15900000E+1	5.15950000E+1	5.16000000E+1	5.16050000E+1	5.16100000E+1	5.16150000E+1	5.16200000E+1	5.16250000E+1	5.16300000E+1	5.16350000E+1	5.16400000E+1	5.16450000E+1	5.16500000E+1	5.16550000E+1	5.16600000E+1	5.16650000E+1	5.16700000E+1	5.16750000E+1	5.16800000E+1	5.16850000E+1	5.16900000E+1	5.16950000E+1	5.17000000E+1	5.17050000E+1	5.17100000E+1	5.17150000E+1	5.17200000E+1	5.17250000E+1	5.17300000E+1	5.17350000E+1	5.17400000E+1	5.17450000E+1	5.17500000E+1	5.17550000E+1	5.17600000E+1	5.17650000E+1	5.17700000E+1	5.17750000E+1	5.17800000E+1	5.17850000E+1	5.17900000E+1	5.17950000E+1	5.18000000E+1	5.18050000E+1	5.18100000E+1	5.18150000E+1	5.18200000E+1	5.18250000E+1	5.18300000E+1	5.18350000E+1	5.18400000E+1	5.18450000E+1	5.18500000E+1	5.18550000E+1	5.18600000E+1	5.18650000E+1	5.18700000E+1	5.18750000E+1	5.18800000E+1	5.18850000E+1	5.18900000E+1	5.18950000E+1	5.19000000E+1	5.19050000E+1	5.19100000E+1	5.19150000E+1	5.19200000E+1	5.19250000E+1	5.19300000E+1	5.19350000E+1	5.19400000E+1	5.19450000E+1	5.19500000E+1	5.19550000E+1	5.19600000E+1	5.19650000E+1	5.19700000E+1	5.19750000E+1	5.19800000E+1	5.19850000E+1	5.19900000E+1	5.19950000E+1	5.20000000E+1	5.20050000E+1	5.20100000E+1	5.20150000E+1	5.20200000E+1	5.20250000E+1	5.20300000E+1	5.20350000E+1	5.20400000E+1	5.20450000E+1	5.20500000E+1	5.20550000E+1	5.20600000E+1	5.20650000E+1	5.20700000E+1	5.20750000E+1	5.20800000E+1	5.20850000E+1	5.20900000E+1	5.20950000E+1	5.21000000E+1	5.21050000E+1	5.21100000E+1	5.21150000E+1	5.21200000E+1	5.21250000E+1	5.21300000E+1	5.21350000E+1	5.21400000E+1	5.21450000E+1	5.21500000E+1	5.21550000E+1	5.21600000E+1	5.21650000E+1	5.21700000E+1	5.21750000E+1	5.21800000E+1	5.21850000E+1	5.21900000E+1	5.21950000E+1	5.22000000E+1	5.22050000E+1	5.22100000E+1	5.22150000E+1	5.22200000E+1	5.22250000E+1	5.22300000E+1	5.22350000E+1	5.22400000E+1	5.22450000E+1	5.22500000E+1	5.22550000E+1	5.22600000E+1	5.22650000E+1	5.22700000E+1	5.22750000E+1	5.22800000E+1	5.22850000E+1	5.22900000E+1	5.22950000E+1	5.23000000E+1	5.23050000E+1	5.23100000E+1	5.23150000E+1	5.23200000E+1	5.23250000E+1	5.23300000E+1	5.23350000E+1	5.23400000E+1	5.23450000E+1	5.23500000E+1	5.23550000E+1	5.23600000E+1	5.23650000E+1	5.23700000E+1	5.23750000E+1	5.23800000E+1	5.23850000E+1	5.23900000E+1	5.23950000E+1	5.24000000E+1	5.24050000E+1	5.24100000E+1	5.24150000E+1	5.24200000E+1	5.24250000E+1	5.24300000E+1	5.24350000E+1	5.24400000E+1	5.24450000E+1	5.24500000E+1	5.24550000E+1	5.24600000E+1	5.24650000E+1	5.24700000E+1	5.24750000E+1	5.24800000E+1	5.24850000E+1	5.24900000E+1	5.24950000E+1	5.25000000E+1	5.25050000E+1	5.25100000E+1	5.25150000E+1	5.25200000E+1	5.25250000E+1	5.25300000E+1	5.25350000E+1	5.25400000E+1	5.25450000E+1	5.25500000E+1	5.25550000E+1	5.25600000E+1	5.25650000E+1	5.25700000E+1	5.25750000E+1	5.25800000E+1	5.25850000E+1	5.25900000E+1	5.25950000E+1	5.26000000E+1	5.26050000E+1	5.26100000E+1	5.26150000E+1	5.26200000E+1	5.26250000E+1	5.26300000E+1	5.26350000E+1	5.26400000E+1	5.26450000E+1	5.26500000E+1	5.26550000E+1	5.26600000E+1	5.26650000E+1	5.26700000E+1	5.26750000E+1	5.26800000E+1	5.26850000E+1	5.26900000E+1	5.26950000E+1	5.27000000E+1	5.27050000E+1	5.27100000E+1	5.27150000E+1	5.27200000E+1	5.27250000E+1	5.27300000E+1	5.27350000E+1	5.27400000E+1	5.27450000E+1	5.27500000E+1	5.27550000E+1	5.27600000E+1	5.27650000E+1	5.27700000E+1	5.27750000E+1	5.27800000E+1	5.27850000E+1	5.27900000E+1	5.27950000E+1	5.28000000E+1	5.28050000E+1	5.28100000E+1	5.28150000E+1	5.28200000E+1	5.28250000E+1	5.28300000E+1	5.28350000E+1	5.28400000E+1	5.28450000E+1	5.28500000E+1	5.28550000E+1	5.28600000E+1	5.28650000E+1	5.28700000E+1	5.28750000E+1	5.28800000E+1	5.28850000E+1	5.28900000E+1	5.28950000E+1	5.29000000E+1	5.29050000E+1	5.29100000E+1	5.29150000E+1	5.29200000E+1	5.29250000E+1	5.29300000E+1	5.29350000E+1	5.29400000E+1	5.29450000E+1	5.29500000E+1	5.29550000E+1	5.29600000E+1	5.29650000E+1	5.29700000E+1	5.29750000E+1	5.29800000E+1	5.29850000E+1	5.29900000E+1	5.29950000E+1	5.30000000E+1	5.30050000E+1	5.30100000E+1	5.30150000E+1	5.30200000E+1	5.30250000E+1	5.30300000E+1	5.30350000E+1	5.30400000E+1	5.30450000E+1	5.30500000E+1	5.30550000E+1	5.30600000E+1	5.30650000E+1	5.30700000E+1	5.30750000E+1	5.30800000E+1	5.30850000E+1	5.30900000E+1	5.30950000E+1	5.31000000E+1	5.31050000E+1	5.31100000E+1	5.31150000E+1	5.31200000E+1	5.31250000E+1	5.31300000E+1	5.31350000E+1	5.31400000E+1	5.31450000E+1	5.31500000E+1	5.31550000E+1	5.31600000E+1	5.31650000E+1	5.31700000E+1	5.31750000E+1	5.31800000E+1	5.31850000E+1	5.31900000E+1	5.31950000E+1	5.32000000E+1	5.32050000E+1	5.32100000E+1	5.32150000E+1	5.32200000E+1	5.32250000E+1	5.32300000E+1	5.32350000E+1	5.32400000E+1	5.32450000E+1	5.32500000E+1	5.32550000E+1	5.32600000E+1	5.32650000E+1	5.32700000E+1	5.32750000E+1	5.32800000E+1	5.32850000E+1	5.32900000E+1	5.32950000E+1	5.33000000E+1	5.33050000E+1	5.33100000E+1	5.33150000E+1	5.33200000E+1	5.33250000E+1	5.33300000E+1	5.33350000E+1	5.33400000E+1	5.33450000E+1	5.33500000E+1	5.33550000E+1	5.33600000E+1	5.33650000E+1	5.33700000E+1	5.33750000E+1	5.33800000E+1	5.33850000E+1	5.33900000E+1	5.33950000E+1	5.34000000E+1	5.34050000E+1	5.34100000E+1	5.34150000E+1	5.34200000E+1	5.34250000E+1	5.34300000E+1	5.34350000E+1	5.34400000E+1	5.34450000E+1	5.34500000E+1	5.34550000E+1	5.34600000E+1	5.34650000E+1	5.34700000E+1	5.34750000E+1	5.34800000E+1	5.34850000E+1	5.34900000E+1	5.34950000E+1	5.35000000E+1	5.35050000E+1	5.35100000E+1	5.35150000E+1	5.35200000E+1	5.35250000E+1	5.35300000E+1	5.35350000E+1	5.35400000E+1	5.35450000E+1	5.35500000E+1	5.35550000E+1	5.35600000E+1	5.35650000E+1	5.35700000E+1	5.35750000E+1	5.35800000E+1	5.35850000E+1	5.35900000E+1	5.35950000E+1	5.36000000E+1	5.36050000E+1	5.36100000E+1	5.36150000E+1	5.36200000E+1	5.36250000E+1	5.36300000E+1	5.36350000E+1	5.36400000E+1	5.36450000E+1	5.36500000E+1	5.36550000E+1	5.36600000E+1	5.36650000E+1	5.36700000E+1	5.36750000E+1	5.36800000E+1	5.36850000E+1	5.36900000E+1	5.36950000E+1	5.37000000E+1	5.37050000E+1	5.37100000E+1	5.37150000E+1	5.37200000E+1	5.37250000E+1	5.37300000E+1	5.37350000E+1	5.37400000E+1	5.37450000E+1	5.37500000E+1	5.37550000E+1	5.37600000E+1	5.37650000E+1	5.37700000E+1	5.37750000E+1	5.37800000E+1	5.37850000E+1	5.37900000E+1	5.37950000E+1	5.38000000E+1	5.38050000E+1	5.38100000E+1	5.38150000E+1	5.38200000E+1	5.38250000E+1	5.38300000E+1	5.38350000E+1	5.38400000E+1	5.38450000E+1	5.38500000E+1	5.38550000E+1	5.38600000E+1	5.38650000E+1	5.38700000E+1	5.38750000E+1	5.38800000E+1	5.38850000E+1	5.38900000E+1	5.38950000E+1	5.39000000E+1	5.39050000E+1	5.39100000E+1	5.39150000E+1	5.39200000E+1	5.39250000E+1	5.39300000E+1	5.39350000E+1	5.39400000E+1	5.39450000E+1	5.39500000E+1	5.39550000E+1	5.39600000E+1	5.39650000E+1	5.39700000E+1	5.39750000E+1	5.39800000E+1	5.39850000E+1	5.39900000E+1	5.39950000E+1	5.40000000E+1
</Val>
</String>
<U32>
<Name>dimensions</Name>
<Val>1</Val>
</U32>
<Cluster>
<Name>calibration</Name>
<NumElts>8</NumElts>
<String>
<Name>name</Name>
<Val></Val>
</String>
<EW>
<Name>calibration type</Name>
<Choice>tabulated</Choice>
<Choice>function</Choice>
<Choice>pass-through</Choice>
<Val>0</Val>
</EW>
<Array>
<Name>tabulated_x</Name>
<Dimsize>0</Dimsize>
<DBL>
<Name>Numeric</Name>
<Val></Val>
</DBL>
</Array>
<Array>
<Name>tabulated_y</Name>
<Dimsize>0</Dimsize>
<DBL>
<Name>Numeric</Name>
<Val></Val>
</DBL>
</Array>
<String>
<Name>forward_function</Name>
<Val></Val>
</String>
<String>
<Name>backward_function</Name>
<Val></Val>
</String>
<String>
<Name>source_unit_literal</Name>
<Val></Val>
</String>
<String>
<Name>target_unit_literal</Name>
<Val></Val>
</String>
</Cluster>
<String>
<Name>comment</Name>
<Val></Val>
</String>
</Cluster>
<Cluster>
<Name>parameter</Name>
<NumElts>5</NumElts>
<String>
<Name>name</Name>
<Val>motion_dev_pos_raw</Val>
</String>
<String>
<Name>values</Name>
<Val>7.64470768E-3	7.64545716E-3	7.64620664E-3	7.64695612E-3	7.64770560E-3	7.64845508E-3	7.64920457E-3	7.64995405E-3	7.65070353E-3	7.65145301E-3	7.65220249E-3	7.65295197E-3	7.65370145E-3	7.65445093E-3	7.65520042E-3	7.65594990E-3	7.65669938E-3	7.65744886E-3	7.65819834E-3	7.65894782E-3	7.65969730E-3	7.66044678E-3	7.66119626E-3	7.66194575E-3	7.66269523E-3	7.66344471E-3	7.66419419E-3	7.66494367E-3	7.66569315E-3	7.66644263E-3	7.66719211E-3	7.66794159E-3	7.66869108E-3	7.66944056E-3	7.67019004E-3	7.67093952E-3	7.67168900E-3	7.67243848E-3	7.67318796E-3	7.67393744E-3	7.67468692E-3	7.67543641E-3	7.67618589E-3	7.67693537E-3	7.67768485E-3	7.67843433E-3	7.67918381E-3	7.67993329E-3	7.68068277E-3	7.68143226E-3	7.68218174E-3	7.68293122E-3	7.68368070E-3	7.68443018E-3	7.68517966E-3	7.68592914E-3	7.68667862E-3	7.68742810E-3	7.68817759E-3	7.68892707E-3	7.68967655E-3	7.69042603E-3	7.69117551E-3	7.69192499E-3	7.69267447E-3	7.69342395E-3	7.69417343E-3	7.69492292E-3	7.69567240E-3	7.69642188E-3	7.69717136E-3	7.69792084E-3	7.69867032E-3	7.69941980E-3	7.70016928E-3	7.70091876E-3	7.70166825E-3	7.70241773E-3	7.70316721E-3	7.70391669E-3	7.70466617E-3	7.70541565E-3	7.70616513E-3	7.70691461E-3	7.70766410E-3	7.70841358E-3	7.70916306E-3	7.70991254E-3	7.71066202E-3	7.71141150E-3	7.71216098E-3	7.71291046E-3	7.71365994E-3	7.71440943E-3	7.71515891E-3	7.71590839E-3	7.71665787E-3	7.71740735E-3	7.71815683E-3	7.71890631E-3	7.71965579E-3	7.72040527E-3	7.72115476E-3	7.72190424E-3	7.72265372E-3	7.72340320E-3	7.72415268E-3	7.72490216E-3	7.72565164E-3	7.72640112E-3	7.72715060E-3	7.72790009E-3	7.72864957E-3	7.72939905E-3	7.73014853E-3	7.73089801E-3	7.73164749E-3	7.73239697E-3	7.73314645E-3	7.73389594E-3	7.73464542E-3	7.73539490E-3	7.73614438E-3	7.73689386E-3	7.73764334E-3	7.73839282E-3	7.73914230E-3	7.73989178E-3	7.74064127E-3	7.74139075E-3	7.74214023E-3	7.74288971E-3	7.74363919E-3	7.74438867E-3	7.74513815E-3	7.74588763E-3	7.74663711E-3	7.74738660E-3	7.74813608E-3	7.74888556E-3	7.74963504E-3	7.75038452E-3	7.75113400E-3	7.75188348E-3	7.75263296E-3	7.75338245E-3	7.75413193E-3	7.75488141E-3	7.75563089E-3	7.75638037E-3	7.75712985E-3	7.75787933E-3	7.75862881E-3	7.75937829E-3	7.76012778E-3	7.76087726E-3	7.76162674E-3	7.76237622E-3	7.76312570E-3	7.76387518E-3	7.76462466E-3	7.76537414E-3	7.76612362E-3	7.76687311E-3	7.76762259E-3	7.76837207E-3	7.76912155E-3	7.76987103E-3	7.77062051E-3	7.77136999E-3	7.77211947E-3	7.77286895E-3	7.77361844E-3	7.77436792E-3	7.77511740E-3	7.77586688E-3	7.77661636E-3	7.77736584E-3	7.77811532E-3	7.77886480E-3	7.77961429E-3	7.78036377E-3	7.78111325E-3	7.78186273E-3	7.78261221E-3	7.78336169E-3	7.78411117E-3	7.78486065E-3	7.78561013E-3	7.78635962E-3	7.78710910E-3	7.78785858E-3	7.78860806E-3	7.78935754E-3	7.79010702E-3	7.79085650E-3	7.79160598E-3	7.79235546E-3	7.79310495E-3	7.79385443E-3	7.79460391E-3	7.79535339E-3	7.79610287E-3	7.79685235E-3	7.79760183E-3	7.79835131E-3	7.79910079E-3	7.79985028E-3	7.80059976E-3	7.80134924E-3	7.80209872E-3	7.80284820E-3	7.80359768E-3	7.80434716E-3	7.80509664E-3	7.80584613E-3	7.80659561E-3	7.80734509E-3	7.80809457E-3	7.80884405E-3	7.80959353E-3	7.81034301E-3	7.81109249E-3	7.81184197E-3	7.81259146E-3	7.81334094E-3	7.81409042E-3	7.81483990E-3	7.81558938E-3	7.81633886E-3	7.81708834E-3	7.81783782E-3	7.81858730E-3	7.81933679E-3	7.82008627E-3	7.82083575E-3	7.82158523E-3	7.82233471E-3	7.82308419E-3	7.82383367E-3	7.82458315E-3	7.82533263E-3	7.82608212E-3	7.82683160E-3	7.82758108E-3	7.82833056E-3	7.82908004E-3	7.82982952E-3	7.83057900E-3	7.83132848E-3	7.83207797E-3	7.83282745E-3	7.83357693E-3	7.83432641E-3	7.83507589E-3	7.83582537E-3	7.83657485E-3	7.83732433E-3	7.83807381E-3	7.83882330E-3	7.83957278E-3	7.84032226E-3	7.84107174E-3	7.84182122E-3	7.84257070E-3	7.84332018E-3	7.84406966E-3	7.84481914E-3	7.84556863E-3	7.84631811E-3	7.84706759E-3	7.84781707E-3	7.84856655E-3	7.84931603E-3	7.85006551E-3	7.85081499E-3	7.85156448E-3	7.85231396E-3	7.85306344E-3	7.85381292E-3	7.85456240E-3	7.85531188E-3	7.85606136E-3	7.85681084E-3	7.85756032E-3	7.85830981E-3	7.85905929E-3	7.85980877E-3	7.86055825E-3	7.86130773E-3	7.86205721E-3	7.86280669E-3	7.86355617E-3	7.86430565E-3	7.86505514E-3	7.86580462E-3	7.86655410E-3	7.86730358E-3	7.86805306E-3	7.86880254E-3	7.86955202E-3	7.87030150E-3	7.87105098E-3	7.87180047E-3	7.87254995E-3	7.87329943E-3	7.87404891E-3	7.87479839E-3	7.87554787E-3	7.87629735E-3	7.87704683E-3	7.87779632E-3	7.87854580E-3	7.87929528E-3	7.88004476E-3	7.88079424E-3	7.88154372E-3	7.88229320E-3	7.88304268E-3	7.88379216E-3	7.88454165E-3	7.88529113E-3	7.88604061E-3	7.88679009E-3	7.88753957E-3	7.88828905E-3	7.88903853E-3	7.88978801E-3	7.89053749E-3	7.89128698E-3	7.89203646E-3	7.89278594E-3	7.89353542E-3	7.89428490E-3	7.89503438E-3	7.89578386E-3	7.89653334E-3	7.89728282E-3	7.89803231E-3	7.89878179E-3	7.89953127E-3	7.90028075E-3	7.90103023E-3	7.90177971E-3	7.90252919E-3	7.90327867E-3	7.90402816E-3	7.90477764E-3	7.90552712E-3	7.90627660E-3	7.90702608E-3	7.90777556E-3	7.90852504E-3	7.90927452E-3	7.91002400E-3	7.91077349E-3	7.91152297E-3	7.91227245E-3	7.91302193E-3	7.91377141E-3	7.91452089E-3	7.91527037E-3	7.91601985E-3	7.91676933E-3	7.91751882E-3	7.91826830E-3	7.91901778E-3	7.91976726E-3	7.92051674E-3	7.92126622E-3	7.92201570E-3	7.92276518E-3	7.92351466E-3	7.92426415E-3	7.92501363E-3	7.92576311E-3	7.92651259E-3	7.92726207E-3	7.92801155E-3	7.92876103E-3	7.92951051E-3	7.93026000E-3	7.93100948E-3	7.93175896E-3	7.93250844E-3	7.93325792E-3	7.93400740E-3	7.93475688E-3	7.93550636E-3	7.93625584E-3	7.93700533E-3	7.93775481E-3	7.93850429E-3	7.93925377E-3	7.94000325E-3	7.94075273E-3	7.94150221E-3	7.94225169E-3	7.94300117E-3	7.94375066E-3	7.94450014E-3	7.94524962E-3	7.94599910E-3	7.94674858E-3	7.94749806E-3	7.94824754E-3	7.94899702E-3	7.94974651E-3	7.95049599E-3	7.95124547E-3	7.95199495E-3	7.95274443E-3	7.95349391E-3	7.95424339E-3	7.95499287E-3	7.95574235E-3	7.95649184E-3	7.95724132E-3	7.95799080E-3	7.95874028E-3	7.95948976E-3	7.96023924E-3	7.96098872E-3	7.96173820E-3	7.96248768E-3	7.96323717E-3	7.96398665E-3	7.96473613E-3	7.96548561E-3	7.96623509E-3	7.96698457E-3	7.96773405E-3	7.96848353E-3	7.96923301E-3	7.96998250E-3	7.97073198E-3	7.97148146E-3	7.97223094E-3	7.97298042E-3	7.97372990E-3	7.97447938E-3	7.97522886E-3	7.97597835E-3	7.97672783E-3	7.97747731E-3	7.97822679E-3	7.97897627E-3	7.97972575E-3	7.98047523E-3	7.98122471E-3	7.98197419E-3	7.98272368E-3	7.98347316E-3	7.98422264E-3	7.98497212E-3	7.98572160E-3	7.98647108E-3	7.98722056E-3	7.98797004E-3	7.98871952E-3	7.98946901E-3	7.99021849E-3	7.99096797E-3	7.99171745E-3	7.99246693E-3	7.99321641E-3	7.99396589E-3	7.99471537E-3	7.99546485E-3	7.99621434E-3	7.99696382E-3	7.99771330E-3	7.99846278E-3	7.99921226E-3	7.99996174E-3	8.00071122E-3	8.00146070E-3	8.00221019E-3	8.00295967E-3	8.00370915E-3	8.00445863E-3	8.00520811E-3	8.00595759E-3	8.00670707E-3	8.00745655E-3	8.00820603E-3	8.00895552E-3	8.00970500E-3	8.01045448E-3	8.01120396E-3	8.01195344E-3	8.01270292E-3	8.01345240E-3	8.01420188E-3	8.01495136E-3	8.01570085E-3	8.01645033E-3	8.01719981E-3	8.01794929E-3	8.01869877E-3	8.01944825E-3	8.02019773E-3	8.02094721E-3	8.02169669E-3	8.02244618E-3	8.02319566E-3	8.02394514E-3	8.02469462E-3	8.02544410E-3	8.02619358E-3	8.02694306E-3	8.02769254E-3	8.02844203E-3	8.02919151E-3	8.02994099E-3	8.03069047E-3	8.03143995E-3	8.03218943E-3	8.03293891E-3	8.03368839E-3	8.03443787E-3	8.03518736E-3	8.03593684E-3	8.03668632E-3	8.03743580E-3	8.03818528E-3	8.03893476E-3	8.03968424E-3	8.04043372E-3	8.04118320E-3	8.04193269E-3	8.04268217E-3	8.04343165E-3	8.04418113E-3	8.04493061E-3	8.04568009E-3	8.04642957E-3	8.04717905E-3	8.04792854E-3	8.04867802E-3	8.04942750E-3	8.05017698E-3	8.05092646E-3	8.05167594E-3	8.05242542E-3	8.05317490E-3	8.05392438E-3	8.05467387E-3	8.05542335E-3	8.05617283E-3	8.05692231E-3	8.05767179E-3	8.05842127E-3	8.05917075E-3	8.05992023E-3	8.06066971E-3	8.06141920E-3	8.06216868E-3	8.06291816E-3	8.06366764E-3	8.06441712E-3	8.06516660E-3	8.06591608E-3	8.06666556E-3	8.06741504E-3	8.06816453E-3	8.06891401E-3	8.06966349E-3	8.07041297E-3	8.07116245E-3	8.07191193E-3	8.07266141E-3	8.07341089E-3	8.07416038E-3	8.07490986E-3	8.07565934E-3	8.07640882E-3	8.07715830E-3	8.07790778E-3	8.07865726E-3	8.07940674E-3	8.08015622E-3	8.08090571E-3	8.08165519E-3	8.08240467E-3	8.08315415E-3	8.08390363E-3	8.08465311E-3	8.08540259E-3	8.08615207E-3	8.08690155E-3	8.08765104E-3	8.08840052E-3	8.08915000E-3	8.08989948E-3	8.09064896E-3	8.09139844E-3	8.09214792E-3	8.09289740E-3	8.09364688E-3	8.09439637E-3
</Val>
</String>
<U32>
<Name>dimensions</Name>
<Val>1</Val>
</U32>
<Cluster>
<Name>calibration</Name>
<NumElts>8</NumElts>
<String>
<Name>name</Name>
<Val></Val>
</String>
<EW>
<Name>calibration type</Name>
<Choice>tabulated</Choice>
<Choice>function</Choice>
<Choice>pass-through</Choice>
<Val>0</Val>
</EW>
<Array>
<Name>tabulated_x</Name>
<Dimsize>0</Dimsize>
<DBL>
<Name>Numeric</Name>
<Val></Val>
</DBL>
</Array>
<Array>
<Name>tabulated_y</Name>
<Dimsize>0</Dimsize>
<DBL>
<Name>Numeric</Name>
<Val></Val>
</DBL>
</Array>
<String>
<Name>forward_function</Name>
<Val></Val>
</String>
<String>
<Name>backward_function</Name>
<Val></Val>
</String>
<String>
<Name>source_unit_literal</Name>
<Val></Val>
</String>
<String>
<Name>target_unit_literal</Name>
<Val></Val>
</String>
</Cluster>
<String>
<Name>comment</Name>
<Val></Val>
</String>
</Cluster>
<Cluster>
<Name>parameter</Name>
<NumElts>5</NumElts>
<String>
<Name>name</Name>
<Val>time_constants</Val>
</String>
<String>
<Name>values</Name>
<Val>3.00000000E-2
</Val>
</String>
<U32>
<Name>dimensions</Name>
<Val>1</Val>
</U32>
<Cluster>
<Name>calibration</Name>
<NumElts>8</NumElts>
<String>
<Name>name</Name>
<Val></Val>
</String>
<EW>
<Name>calibration type</Name>
<Choice>tabulated</Choice>
<Choice>function</Choice>
<Choice>pass-through</Choice>
<Val>0</Val>
</EW>
<Array>
<Name>tabulated_x</Name>
<Dimsize>0</Dimsize>
<DBL>
<Name>Numeric</Name>
<Val></Val>
</DBL>
</Array>
<Array>
<Name>tabulated_y</Name>
<Dimsize>0</Dimsize>
<DBL>
<Name>Numeric</Name>
<Val></Val>
</DBL>
</Array>
<String>
<Name>forward_function</Name>
<Val></Val>
</String>
<String>
<Name>backward_function</Name>
<Val></Val>
</String>
<String>
<Name>source_unit_literal</Name>
<Val></Val>
</String>
<String>
<Name>target_unit_literal</Name>
<Val></Val>
</String>
</Cluster>
<String>
<Name>comment</Name>
<Val></Val>
</String>
</Cluster>
</Array>
<Array>
<Name>measurands</Name>
<Dimsize>6</Dimsize>
<Cluster>
<Name>measurand</Name>
<NumElts>2</NumElts>
<String>
<Name>name</Name>
<Val>lockin_ch0_x</Val>
</String>
<String>
<Name>type</Name>
<Val>double</Val>
</String>
</Cluster>
<Cluster>
<Name>measurand</Name>
<NumElts>2</NumElts>
<String>
<Name>name</Name>
<Val>lockin_ch0_y</Val>
</String>
<String>
<Name>type</Name>
<Val>double</Val>
</String>
</Cluster>
<Cluster>
<Name>measurand</Name>
<NumElts>2</NumElts>
<String>
<Name>name</Name>
<Val>lockin_ch0_xErr</Val>
</String>
<String>
<Name>type</Name>
<Val>double</Val>
</String>
</Cluster>
<Cluster>
<Name>measurand</Name>
<NumElts>2</NumElts>
<String>
<Name>name</Name>
<Val>lockin_ch0_yErr</Val>
</String>
<String>
<Name>type</Name>
<Val>double</Val>
</String>
</Cluster>
<Cluster>
<Name>measurand</Name>
<NumElts>2</NumElts>
<String>
<Name>name</Name>
<Val>lockin_ch0_frequency</Val>
</String>
<String>
<Name>type</Name>
<Val>double</Val>
</String>
</Cluster>
<Cluster>
<Name>measurand</Name>
<NumElts>2</NumElts>
<String>
<Name>name</Name>
<Val>lockin_ch0_phase</Val>
</String>
<String>
<Name>type</Name>
<Val>double</Val>
</String>
</Cluster>
</Array>
</Cluster>
<Array>
<Name>measurands</Name>
<Dimsize>6</Dimsize>
<Cluster>
<Name>measurand</Name>
<NumElts>4</NumElts>
<String>
<Name>name</Name>
<Val>lockin_ch0_x</Val>
</String>
<String>
<Name>type</Name>
<Val>double</Val>
</String>
<I32>
<Name>dimensions</Name>
<Val>2</Val>
</I32>
<String>
<Name>data</Name>
<Val>3.64663000E-4
3.64901000E-4
3.64901000E-4
3.64305000E-4
3.64901000E-4
3.65498000E-4
3.65378000E-4
3.64663000E-4
3.64305000E-4
3.65140000E-4
3.65140000E-4
3.65498000E-4
3.65021000E-4
3.65259000E-4
3.65140000E-4
3.65140000E-4
3.64901000E-4
3.64782000E-4
3.64782000E-4
3.64901000E-4
3.64425000E-4
3.64544000E-4
3.65021000E-4
3.65974000E-4
3.65259000E-4
3.64782000E-4
3.65259000E-4
3.65021000E-4
3.64901000E-4
3.65140000E-4
3.65974000E-4
3.65736000E-4
3.65259000E-4
3.65855000E-4
3.65498000E-4
3.66094000E-4
3.66094000E-4
3.66213000E-4
3.65378000E-4
3.66213000E-4
3.66690000E-4
3.67405000E-4
3.66809000E-4
3.66213000E-4
3.66570000E-4
3.66690000E-4
3.66690000E-4
3.67166000E-4
3.67643000E-4
3.67643000E-4
3.67405000E-4
3.67405000E-4
3.67166000E-4
3.67405000E-4
3.67166000E-4
3.67166000E-4
3.67763000E-4
3.67763000E-4
3.67763000E-4
3.68001000E-4
3.68239000E-4
3.69074000E-4
3.68716000E-4
3.68835000E-4
3.69431000E-4
3.69193000E-4
3.69551000E-4
3.69074000E-4
3.69431000E-4
3.69193000E-4
3.68835000E-4
3.69551000E-4
3.68716000E-4
3.68955000E-4
3.69551000E-4
3.69431000E-4
3.69312000E-4
3.69431000E-4
3.69431000E-4
3.70266000E-4
3.70862000E-4
3.70147000E-4
3.70266000E-4
3.70504000E-4
3.70147000E-4
3.70266000E-4
3.70624000E-4
3.70862000E-4
3.70862000E-4
3.71339000E-4
3.71339000E-4
3.70981000E-4
3.71696000E-4
3.71339000E-4
3.71339000E-4
3.71816000E-4
3.72531000E-4
3.72769000E-4
3.73127000E-4
3.72889000E-4
3.73485000E-4
3.73365000E-4
3.74200000E-4
3.75034000E-4
3.74796000E-4
3.73842000E-4
3.74677000E-4
3.74915000E-4
3.75153000E-4
3.74677000E-4
3.74200000E-4
3.75630000E-4
3.75034000E-4
3.75511000E-4
3.76226000E-4
3.75511000E-4
3.77061000E-4
3.77538000E-4
3.77895000E-4
3.77657000E-4
3.77895000E-4
3.78253000E-4
3.79207000E-4
3.79326000E-4
3.79207000E-4
3.80399000E-4
3.80876000E-4
3.80637000E-4
3.81829000E-4
3.82425000E-4
3.82544000E-4
3.82664000E-4
3.83260000E-4
3.84333000E-4
3.85286000E-4
3.86121000E-4
3.85882000E-4
3.85286000E-4
3.86836000E-4
3.87670000E-4
3.89339000E-4
3.90412000E-4
3.90889000E-4
3.90770000E-4
3.91008000E-4
3.91724000E-4
3.93393000E-4
3.93989000E-4
3.95061000E-4
3.95657000E-4
3.97326000E-4
3.98161000E-4
3.99830000E-4
4.00068000E-4
4.00783000E-4
4.01737000E-4
4.02810000E-4
4.04956000E-4
4.05909000E-4
4.06744000E-4
4.09009000E-4
4.09486000E-4
4.11274000E-4
4.12704000E-4
4.14373000E-4
4.15923000E-4
4.16758000E-4
4.18307000E-4
4.19619000E-4
4.21764000E-4
4.23552000E-4
4.24506000E-4
4.26294000E-4
4.28082000E-4
4.29513000E-4
4.30705000E-4
4.32970000E-4
4.34520000E-4
4.37262000E-4
4.39527000E-4
4.41195000E-4
4.43460000E-4
4.44772000E-4
4.47037000E-4
4.49898000E-4
4.51328000E-4
4.53355000E-4
4.55620000E-4
4.57885000E-4
4.59196000E-4
4.60746000E-4
4.63607000E-4
4.65991000E-4
4.69329000E-4
4.71355000E-4
4.74932000E-4
4.77316000E-4
4.80415000E-4
4.83992000E-4
4.86853000E-4
4.89477000E-4
4.93769000E-4
4.96391000E-4
5.00206000E-4
5.00802000E-4
5.02948000E-4
5.06166000E-4
5.09862000E-4
5.11769000E-4
5.14511000E-4
5.15942000E-4
5.18207000E-4
5.19875000E-4
5.22021000E-4
5.22975000E-4
5.24167000E-4
5.23690000E-4
5.23452000E-4
5.24405000E-4
5.23929000E-4
5.24286000E-4
5.25478000E-4
5.27028000E-4
5.29531000E-4
5.33227000E-4
5.40022000E-4
5.44433000E-4
5.56592000E-4
5.66725000E-4
5.81268000E-4
5.99984000E-4
6.25376000E-4
6.39562000E-4
6.65192000E-4
6.91894000E-4
7.25750000E-4
7.60321000E-4
8.13607000E-4
8.34350000E-4
8.65702000E-4
9.04921000E-4
9.34247000E-4
9.65480000E-4
9.93140000E-4
1.01746000E-3
1.02878000E-3
1.04225000E-3
1.04690000E-3
1.04512000E-3
1.03749000E-3
1.02270000E-3
1.00137000E-3
9.66672000E-4
9.53320000E-4
9.23995000E-4
8.90497000E-4
8.60456000E-4
8.16945000E-4
7.93103000E-4
7.61393000E-4
7.30399000E-4
6.97020000E-4
6.76874000E-4
6.51721000E-4
6.30502000E-4
6.11786000E-4
5.96289000E-4
5.84129000E-4
5.73520000E-4
5.64460000E-4
5.56950000E-4
5.49916000E-4
5.46578000E-4
5.42525000E-4
5.39664000E-4
5.35134000E-4
5.33227000E-4
5.32035000E-4
5.29770000E-4
5.27147000E-4
5.23929000E-4
5.20829000E-4
5.18922000E-4
5.16418000E-4
5.13796000E-4
5.10816000E-4
5.08193000E-4
5.04259000E-4
5.01875000E-4
4.99967000E-4
4.96987000E-4
4.93411000E-4
4.90669000E-4
4.88643000E-4
4.86257000E-4
4.84230000E-4
4.81369000E-4
4.77554000E-4
4.75647000E-4
4.73382000E-4
4.71355000E-4
4.68137000E-4
4.65991000E-4
4.63726000E-4
4.62176000E-4
4.60627000E-4
4.59434000E-4
4.56335000E-4
4.54070000E-4
4.52163000E-4
4.51328000E-4
4.50255000E-4
4.48467000E-4
4.46798000E-4
4.45368000E-4
4.44295000E-4
4.42626000E-4
4.41672000E-4
4.40957000E-4
4.38334000E-4
4.36904000E-4
4.35235000E-4
4.34877000E-4
4.33685000E-4
4.31420000E-4
4.30228000E-4
4.29036000E-4
4.28559000E-4
4.27010000E-4
4.26175000E-4
4.24745000E-4
4.23076000E-4
4.22241000E-4
4.21764000E-4
4.21168000E-4
4.20334000E-4
4.18546000E-4
4.17592000E-4
4.16638000E-4
4.15685000E-4
4.14731000E-4
4.13658000E-4
4.13062000E-4
4.11512000E-4
4.11393000E-4
4.10797000E-4
4.09247000E-4
4.08532000E-4
4.07459000E-4
4.07102000E-4
4.06148000E-4
4.05552000E-4
4.05313000E-4
4.05194000E-4
4.03406000E-4
4.02333000E-4
4.01141000E-4
4.00903000E-4
4.00664000E-4
3.99711000E-4
3.99472000E-4
3.98757000E-4
3.97803000E-4
3.96492000E-4
3.95896000E-4
3.95538000E-4
3.94942000E-4
3.94465000E-4
3.93631000E-4
3.93273000E-4
3.92677000E-4
3.92439000E-4
3.91843000E-4
3.91724000E-4
3.91366000E-4
3.91604000E-4
3.91008000E-4
3.90293000E-4
3.90055000E-4
3.88743000E-4
3.88505000E-4
3.88147000E-4
3.87551000E-4
3.87313000E-4
3.87074000E-4
3.86359000E-4
3.86240000E-4
3.85525000E-4
3.85525000E-4
3.85167000E-4
3.84213000E-4
3.84213000E-4
3.83737000E-4
3.83498000E-4
3.83021000E-4
3.82783000E-4
3.81829000E-4
3.81352000E-4
3.81352000E-4
3.81472000E-4
3.80995000E-4
3.80518000E-4
3.80041000E-4
3.79803000E-4
3.79207000E-4
3.79207000E-4
3.78730000E-4
3.78134000E-4
3.78253000E-4
3.77418000E-4
3.77657000E-4
3.77180000E-4
3.76465000E-4
3.76822000E-4
3.75988000E-4
3.76107000E-4
3.76226000E-4
3.75869000E-4
3.75988000E-4
3.75630000E-4
3.75273000E-4
3.75034000E-4
3.74796000E-4
3.73842000E-4
3.73961000E-4
3.74438000E-4
3.73604000E-4
3.73485000E-4
3.73246000E-4
3.73365000E-4
3.73485000E-4
3.73008000E-4
3.73127000E-4
3.72412000E-4
3.72173000E-4
3.72412000E-4
3.71816000E-4
3.71696000E-4
3.72054000E-4
3.71696000E-4
3.71339000E-4
3.71220000E-4
3.71339000E-4
3.70862000E-4
3.70981000E-4
3.70624000E-4
3.70981000E-4
3.71100000E-4
3.70504000E-4
3.70147000E-4
3.70624000E-4
3.70266000E-4
3.69789000E-4
3.69670000E-4
3.69908000E-4
3.69670000E-4
3.69789000E-4
3.69551000E-4
3.69431000E-4
3.69312000E-4
3.69074000E-4
3.69193000E-4
3.68955000E-4
3.68835000E-4
3.68835000E-4
3.68955000E-4
3.68955000E-4
3.69431000E-4
3.68716000E-4
3.68716000E-4
3.68239000E-4
3.68001000E-4
3.68120000E-4
3.68716000E-4
3.68001000E-4
3.68120000E-4
3.68359000E-4
3.68359000E-4
3.68120000E-4
3.67882000E-4
3.68239000E-4
3.67882000E-4
3.67763000E-4
3.67763000E-4
3.68120000E-4
3.68001000E-4
3.67763000E-4
3.67524000E-4
3.67882000E-4
3.68239000E-4
3.67405000E-4
3.67643000E-4
3.67763000E-4
3.68001000E-4
3.68716000E-4
3.68001000E-4
3.67405000E-4
3.67643000E-4
3.67166000E-4
3.67405000E-4
3.67524000E-4
3.67882000E-4
3.67524000E-4
3.67882000E-4
3.67166000E-4
3.67286000E-4
3.67286000E-4
3.67286000E-4
3.66928000E-4
3.67166000E-4
3.66570000E-4
3.66928000E-4
3.67166000E-4
3.67166000E-4
3.67166000E-4
3.67286000E-4
3.67166000E-4
3.67286000E-4
3.66928000E-4
3.67286000E-4
3.66928000E-4
3.66928000E-4
3.66809000E-4
3.66928000E-4
3.66928000E-4
3.67166000E-4
3.67166000E-4
3.66690000E-4
3.66690000E-4
3.66570000E-4
3.66451000E-4
3.66809000E-4
3.66690000E-4
3.66332000E-4
3.66690000E-4
3.66809000E-4
3.66570000E-4
3.66690000E-4
3.66809000E-4
3.66928000E-4
3.66928000E-4
3.67047000E-4
3.67166000E-4
3.66809000E-4
3.66809000E-4
3.66928000E-4
3.67166000E-4
3.66928000E-4
3.67286000E-4
3.67524000E-4
3.67405000E-4
3.67047000E-4
3.67047000E-4
3.66690000E-4
3.66094000E-4
3.65855000E-4
3.66332000E-4
3.66690000E-4
3.66332000E-4
3.66332000E-4
3.66094000E-4
3.66213000E-4
3.66570000E-4
3.66332000E-4
3.65855000E-4
3.65855000E-4
3.66809000E-4
3.67047000E-4
3.67286000E-4
3.67286000E-4
3.67166000E-4
3.66928000E-4
3.67047000E-4
3.67286000E-4
3.66928000E-4
3.66928000E-4
3.67166000E-4
3.67405000E-4
3.67047000E-4
3.67286000E-4
3.67405000E-4
3.67047000E-4
3.67047000E-4
3.66928000E-4
3.67166000E-4
3.67166000E-4
3.66809000E-4
3.66809000E-4
3.66809000E-4
3.66809000E-4
3.67524000E-4
3.67763000E-4
3.67763000E-4
3.68001000E-4
3.68239000E-4
3.67643000E-4
3.67643000E-4
3.68120000E-4
3.67882000E-4
3.67882000E-4
3.68001000E-4
</Val>
</String>
</Cluster>
<Cluster>
<Name>measurand</Name>
<NumElts>4</NumElts>
<String>
<Name>name</Name>
<Val>lockin_ch0_y</Val>
</String>
<String>
<Name>type</Name>
<Val>double</Val>
</String>
<I32>
<Name>dimensions</Name>
<Val>2</Val>
</I32>
<String>
<Name>data</Name>
<Val>-1.19210000E-7
-2.38420000E-7
-1.19210000E-7
-2.38420000E-7
-1.19210000E-7
-3.57630000E-7
0.00000000E+0
1.19210000E-7
-1.19210000E-7
-2.38420000E-7
0.00000000E+0
-1.19210000E-7
-2.38420000E-7
-2.38420000E-7
-2.38420000E-7
-1.19210000E-7
-2.38420000E-7
-1.19210000E-7
-1.19210000E-7
0.00000000E+0
-2.38420000E-7
-1.19210000E-7
-2.38420000E-7
-2.38420000E-7
-1.19210000E-7
-3.57630000E-7
-1.19210000E-7
0.00000000E+0
-2.38420000E-7
0.00000000E+0
-1.19210000E-7
-2.38420000E-7
-2.38420000E-7
-3.57630000E-7
-1.19210000E-7
-2.38420000E-7
-2.38420000E-7
-3.57630000E-7
1.19210000E-7
-1.19210000E-7
-1.19210000E-7
1.19210000E-7
0.00000000E+0
0.00000000E+0
-1.19210000E-7
0.00000000E+0
0.00000000E+0
0.00000000E+0
1.19210000E-7
-1.19210000E-7
0.00000000E+0
2.38420000E-7
0.00000000E+0
-1.19210000E-7
-2.38420000E-7
-4.76841000E-7
-3.57630000E-7
-2.38420000E-7
-2.38420000E-7
-3.57630000E-7
-2.38420000E-7
0.00000000E+0
-2.38420000E-7
-3.57630000E-7
-2.38420000E-7
-3.57630000E-7
-1.19210000E-7
-3.57630000E-7
-2.38420000E-7
-2.38420000E-7
-4.76841000E-7
-3.57630000E-7
-1.19210000E-7
-4.76841000E-7
-4.76841000E-7
-3.57630000E-7
-3.57630000E-7
-4.76841000E-7
-3.57630000E-7
-3.57630000E-7
-2.38420000E-7
-2.38420000E-7
-2.38420000E-7
-4.76841000E-7
-2.38420000E-7
-3.57630000E-7
-3.57630000E-7
-2.38420000E-7
-2.38420000E-7
-4.76841000E-7
-3.57630000E-7
-4.76841000E-7
-4.76841000E-7
-4.76841000E-7
-4.76841000E-7
-4.76841000E-7
-5.96050000E-7
-4.76841000E-7
-3.57630000E-7
-4.76841000E-7
-4.76841000E-7
-3.57630000E-7
-3.57630000E-7
-4.76841000E-7
-4.76841000E-7
-4.76841000E-7
-5.96050000E-7
-5.96050000E-7
-4.76841000E-7
-5.96050000E-7
-4.76841000E-7
-3.57630000E-7
-3.57630000E-7
-4.76841000E-7
-5.96050000E-7
-4.76841000E-7
-4.76841000E-7
-4.76841000E-7
-2.38420000E-7
-4.76841000E-7
-3.57630000E-7
-8.34469000E-7
-4.76841000E-7
-2.38420000E-7
-4.76841000E-7
-3.57630000E-7
-4.76841000E-7
-3.57630000E-7
-2.38420000E-7
-2.38420000E-7
-4.76841000E-7
-3.57630000E-7
-4.76841000E-7
-2.38420000E-7
0.00000000E+0
-2.38420000E-7
-3.57630000E-7
-3.57630000E-7
-2.38420000E-7
-1.19210000E-7
-1.19210000E-7
-1.19210000E-7
-2.38420000E-7
-3.57630000E-7
-1.19210000E-7
0.00000000E+0
0.00000000E+0
0.00000000E+0
0.00000000E+0
0.00000000E+0
1.19210000E-7
0.00000000E+0
-1.19210000E-7
0.00000000E+0
1.19210000E-7
3.57630000E-7
2.38420000E-7
2.38420000E-7
2.38420000E-7
1.19210000E-7
2.38420000E-7
3.57630000E-7
3.57630000E-7
5.96050000E-7
4.76841000E-7
4.76841000E-7
8.34469000E-7
5.96050000E-7
1.07289000E-6
9.53682000E-7
8.34469000E-7
9.53682000E-7
9.53682000E-7
1.07289000E-6
1.07289000E-6
1.07289000E-6
1.19210000E-6
1.07289000E-6
1.19210000E-6
1.43052000E-6
1.54973000E-6
1.43052000E-6
1.54973000E-6
1.54973000E-6
1.78815000E-6
1.90736000E-6
1.78815000E-6
1.90736000E-6
1.90736000E-6
2.14578000E-6
2.26499000E-6
2.02657000E-6
2.38420000E-6
2.50341000E-6
2.38420000E-6
2.50341000E-6
2.86104000E-6
2.62262000E-6
2.86104000E-6
2.98025000E-6
3.21867000E-6
3.21867000E-6
3.33787000E-6
3.45708000E-6
3.45708000E-6
3.57629000E-6
3.57629000E-6
4.05314000E-6
4.05314000E-6
4.05314000E-6
4.05314000E-6
4.29156000E-6
4.17235000E-6
4.17235000E-6
4.52998000E-6
4.29156000E-6
4.64919000E-6
4.52998000E-6
4.64919000E-6
4.17235000E-6
4.29156000E-6
4.17235000E-6
4.29156000E-6
4.52998000E-6
4.76840000E-6
4.88761000E-6
4.88761000E-6
5.24524000E-6
5.48366000E-6
6.31812000E-6
7.03338000E-6
8.22550000E-6
8.70234000E-6
1.02521000E-5
1.14442000E-5
1.34707000E-5
1.49012000E-5
1.76431000E-5
1.88352000E-5
2.09810000E-5
2.31267000E-5
2.50341000E-5
2.71798000E-5
2.95640000E-5
3.18291000E-5
3.27828000E-5
3.42133000E-5
3.49286000E-5
3.56438000E-5
3.51670000E-5
3.46901000E-5
3.38557000E-5
3.19483000E-5
3.11139000E-5
2.95640000E-5
2.76567000E-5
2.62262000E-5
2.36036000E-5
2.24115000E-5
2.08617000E-5
1.87160000E-5
1.70470000E-5
1.60934000E-5
1.51396000E-5
1.38283000E-5
1.27555000E-5
1.19210000E-5
1.14442000E-5
1.02521000E-5
1.00136000E-5
9.41759000E-6
8.82155000E-6
8.70234000E-6
8.46392000E-6
7.98708000E-6
7.62945000E-6
7.51021000E-6
7.39101000E-6
6.91417000E-6
6.91417000E-6
6.43733000E-6
6.55654000E-6
6.43733000E-6
6.19891000E-6
5.96049000E-6
5.96049000E-6
5.84128000E-6
5.72208000E-6
5.48366000E-6
5.48366000E-6
5.48366000E-6
5.12603000E-6
5.00682000E-6
5.12603000E-6
5.00682000E-6
4.76840000E-6
4.52998000E-6
4.64919000E-6
4.29156000E-6
4.29156000E-6
4.29156000E-6
4.17235000E-6
4.05314000E-6
3.81473000E-6
3.81473000E-6
3.69550000E-6
3.57629000E-6
3.33787000E-6
2.98025000E-6
3.09946000E-6
3.09946000E-6
2.86104000E-6
2.98025000E-6
2.98025000E-6
2.86104000E-6
2.62262000E-6
2.98025000E-6
2.62262000E-6
2.62262000E-6
2.62262000E-6
2.62262000E-6
2.14578000E-6
2.38420000E-6
2.14578000E-6
2.26499000E-6
2.26499000E-6
2.02657000E-6
2.14578000E-6
1.90736000E-6
1.90736000E-6
1.78815000E-6
1.90736000E-6
2.02657000E-6
1.78815000E-6
1.90736000E-6
2.02657000E-6
1.90736000E-6
1.90736000E-6
1.54973000E-6
1.54973000E-6
1.54973000E-6
1.43052000E-6
1.19210000E-6
1.31131000E-6
1.31131000E-6
9.53682000E-7
1.19210000E-6
1.31131000E-6
1.07289000E-6
1.07289000E-6
1.19210000E-6
9.53682000E-7
9.53682000E-7
1.07289000E-6
9.53682000E-7
8.34469000E-7
8.34469000E-7
7.15259000E-7
8.34469000E-7
7.15259000E-7
7.15259000E-7
8.34469000E-7
7.15259000E-7
7.15259000E-7
5.96050000E-7
5.96050000E-7
7.15259000E-7
5.96050000E-7
3.57630000E-7
2.38420000E-7
3.57630000E-7
3.57630000E-7
3.57630000E-7
3.57630000E-7
2.38420000E-7
4.76841000E-7
2.38420000E-7
3.57630000E-7
3.57630000E-7
2.38420000E-7
2.38420000E-7
2.38420000E-7
7.15259000E-7
1.19210000E-7
3.57630000E-7
2.38420000E-7
3.57630000E-7
3.57630000E-7
5.96050000E-7
2.38420000E-7
3.57630000E-7
2.38420000E-7
7.15259000E-7
5.96050000E-7
4.76841000E-7
7.15259000E-7
9.53682000E-7
8.34469000E-7
8.34469000E-7
1.07289000E-6
1.19210000E-6
1.07289000E-6
1.19210000E-6
9.53682000E-7
1.07289000E-6
1.19210000E-6
8.34469000E-7
9.53682000E-7
9.53682000E-7
9.53682000E-7
9.53682000E-7
9.53682000E-7
9.53682000E-7
9.53682000E-7
9.53682000E-7
9.53682000E-7
8.34469000E-7
8.34469000E-7
8.34469000E-7
8.34469000E-7
8.34469000E-7
8.34469000E-7
8.34469000E-7
7.15259000E-7
7.15259000E-7
8.34469000E-7
7.15259000E-7
9.53682000E-7
9.53682000E-7
8.34469000E-7
8.34469000E-7
8.34469000E-7
7.15259000E-7
9.53682000E-7
7.15259000E-7
7.15259000E-7
7.15259000E-7
8.34469000E-7
7.15259000E-7
7.15259000E-7
7.15259000E-7
5.96050000E-7
5.96050000E-7
7.15259000E-7
7.15259000E-7
7.15259000E-7
7.15259000E-7
7.15259000E-7
3.57630000E-7
5.96050000E-7
5.96050000E-7
7.15259000E-7
3.57630000E-7
5.96050000E-7
5.96050000E-7
7.15259000E-7
3.57630000E-7
3.57630000E-7
4.76841000E-7
3.57630000E-7
3.57630000E-7
2.38420000E-7
0.00000000E+0
2.38420000E-7
1.19210000E-7
0.00000000E+0
1.19210000E-7
0.00000000E+0
1.19210000E-7
1.19210000E-7
2.38420000E-7
0.00000000E+0
0.00000000E+0
0.00000000E+0
-1.19210000E-7
0.00000000E+0
-1.19210000E-7
0.00000000E+0
0.00000000E+0
0.00000000E+0
0.00000000E+0
-1.19210000E-7
0.00000000E+0
-3.57630000E-7
0.00000000E+0
1.19210000E-7
-2.38420000E-7
0.00000000E+0
0.00000000E+0
0.00000000E+0
-2.38420000E-7
1.19210000E-7
0.00000000E+0
0.00000000E+0
-1.19210000E-7
0.00000000E+0
0.00000000E+0
1.19210000E-7
-1.19210000E-7
0.00000000E+0
-1.19210000E-7
0.00000000E+0
1.19210000E-7
0.00000000E+0
1.19210000E-7
0.00000000E+0
0.00000000E+0
1.19210000E-7
1.19210000E-7
1.19210000E-7
2.38420000E-7
2.38420000E-7
4.76841000E-7
2.38420000E-7
1.19210000E-7
3.57630000E-7
2.38420000E-7
3.57630000E-7
2.38420000E-7
3.57630000E-7
3.57630000E-7
1.19210000E-7
3.57630000E-7
3.57630000E-7
1.19210000E-7
3.57630000E-7
3.57630000E-7
2.38420000E-7
1.19210000E-7
2.38420000E-7
1.19210000E-7
3.57630000E-7
3.57630000E-7
2.38420000E-7
3.57630000E-7
4.76841000E-7
3.57630000E-7
4.76841000E-7
3.57630000E-7
3.57630000E-7
3.57630000E-7
3.57630000E-7
5.96050000E-7
5.96050000E-7
5.96050000E-7
7.15259000E-7
3.57630000E-7
3.57630000E-7
7.15259000E-7
7.15259000E-7
7.15259000E-7
7.15259000E-7
3.57630000E-7
3.57630000E-7
7.15259000E-7
5.96050000E-7
7.15259000E-7
5.96050000E-7
5.96050000E-7
5.96050000E-7
5.96050000E-7
5.96050000E-7
5.96050000E-7
5.96050000E-7
5.96050000E-7
3.57630000E-7
4.76841000E-7
5.96050000E-7
5.96050000E-7
5.96050000E-7
2.38420000E-7
1.19210000E-7
2.38420000E-7
2.38420000E-7
2.38420000E-7
2.38420000E-7
1.19210000E-7
2.38420000E-7
2.38420000E-7
1.19210000E-7
0.00000000E+0
1.19210000E-7
0.00000000E+0
1.19210000E-7
2.38420000E-7
1.19210000E-7
2.38420000E-7
0.00000000E+0
2.38420000E-7
1.19210000E-7
1.19210000E-7
1.19210000E-7
2.38420000E-7
1.19210000E-7
-1.19210000E-7
0.00000000E+0
0.00000000E+0
-1.19210000E-7
1.19210000E-7
1.19210000E-7
0.00000000E+0
</Val>
</String>
</Cluster>
<Cluster>
<Name>measurand</Name>
<NumElts>4</NumElts>
<String>
<Name>name</Name>
<Val>lockin_ch0_xErr</Val>
</String>
<String>
<Name>type</Name>
<Val>double</Val>
</String>
<I32>
<Name>dimensions</Name>
<Val>2</Val>
</I32>
<String>
<Name>data</Name>
<Val></Val>
</String>
</Cluster>
<Cluster>
<Name>measurand</Name>
<NumElts>4</NumElts>
<String>
<Name>name</Name>
<Val>lockin_ch0_yErr</Val>
</String>
<String>
<Name>type</Name>
<Val>double</Val>
</String>
<I32>
<Name>dimensions</Name>
<Val>2</Val>
</I32>
<String>
<Name>data</Name>
<Val></Val>
</String>
</Cluster>
<Cluster>
<Name>measurand</Name>
<NumElts>4</NumElts>
<String>
<Name>name</Name>
<Val>lockin_ch0_frequency</Val>
</String>
<String>
<Name>type</Name>
<Val>double</Val>
</String>
<I32>
<Name>dimensions</Name>
<Val>2</Val>
</I32>
<String>
<Name>data</Name>
<Val></Val>
</String>
</Cluster>
<Cluster>
<Name>measurand</Name>
<NumElts>4</NumElts>
<String>
<Name>name</Name>
<Val>lockin_ch0_phase</Val>
</String>
<String>
<Name>type</Name>
<Val>double</Val>
</String>
<I32>
<Name>dimensions</Name>
<Val>2</Val>
</I32>
<String>
<Name>data</Name>
<Val></Val>
</String>
</Cluster>
</Array>
</LVData>